address,zip_code,price,sell_date,sell_type,price_per_sq_m,no_rooms,housing_type,size_in_sq_m,year_of_construction,price_change_in_pct
Sellerup Vangvej 347080 Børkop,rkop,1.845.000,01-05-2017,Alm. Salg,9.088,9,Villa,203,1960,,Aktuel værdi
Sellerupvej 507080 Børkop,rkop,2.000.000,01-05-2017,Alm. Salg,11.111,5,Villa,180,1922,-8 %,Aktuel værdi
Skovbyvej 117080 Børkop,rkop,691.000,01-05-2017,Fam. Salg,6.169,4,Villa,112,1964,,Aktuel værdi
Baldersvej 127080 Børkop,rkop,1.100.000,27-04-2017,Alm. Salg,10.576,4,Rækkehus,104,1978,,Aktuel værdi
Hjortedalsvej 67080 Børkop,rkop,1.000.000,26-04-2017,Alm. Salg,15.873,4,Sommerhus,63,1980,,Aktuel værdi
Birkevej 47080 Børkop,rkop,1.265.000,26-04-2017,Alm. Salg,17.816,4,Sommerhus,71,1960,-9 %,Aktuel værdi
Bøgevang 187080 Børkop,rkop,1.000.000,20-04-2017,Alm. Salg,7.575,4,Villa,132,1964,-13 %,Aktuel værdi
Kragelundvænget 1297080 Børkop,rkop,1.196.270,20-04-2017,Fam. Salg,7.294,4,Villa,164,2007,,Aktuel værdi
Lærkevej 347080 Børkop,rkop,1.470.000,15-04-2017,Alm. Salg,11.221,4,Villa,131,1974,-1 %,Aktuel værdi
Borggårdsparken 4A7080 Børkop,rkop,1.095.000,12-04-2017,Alm. Salg,12.882,3,Rækkehus,85,1986,,Aktuel værdi
Fælledvej 67080 Børkop,rkop,1.360.000,12-04-2017,Alm. Salg,42.500,2,Sommerhus,32,1939,-9 %,Aktuel værdi
Blomsterengen 67080 Børkop,rkop,1.135.000,11-04-2017,Alm. Salg,25.222,3,Sommerhus,45,1947,-1 %,Aktuel værdi
Skovvænget 17080 Børkop,rkop,1.450.000,09-04-2017,Alm. Salg,11.328,4,Villa,128,1986,,Aktuel værdi
Olesvej 17080 Børkop,rkop,1.910.000,07-04-2017,Alm. Salg,30.806,4,Sommerhus,62,1982,,Aktuel værdi
Mads Madsens Vænge 497080 Børkop,rkop,1.175.000,06-04-2017,Alm. Salg,14.506,4,Sommerhus,81,1965,-9 %,Aktuel værdi
Mølletoften 57080 Børkop,rkop,600.000,04-04-2017,Fam. Salg,3.658,7,Villa,164,1965,,Aktuel værdi
Mads Madsens Vænge 277080 Børkop,rkop,1.355.000,03-04-2017,Alm. Salg,19.637,4,Sommerhus,69,1967,-6 %,Aktuel værdi
Elmevej 87080 Børkop,rkop,960.000,02-04-2017,Alm. Salg,6.400,5,Villa,150,1967,-12 %,Aktuel værdi
Baldersvej 117080 Børkop,rkop,1.200.000,01-04-2017,Alm. Salg,12.500,3,Rækkehus,96,1978,,Aktuel værdi
Folmersvej 37080 Børkop,rkop,1.295.000,31-03-2017,Alm. Salg,19.923,4,Sommerhus,65,1980,-24 %,Aktuel værdi
Signesvej 57080 Børkop,rkop,1.775.000,29-03-2017,Alm. Salg,12.074,6,Villa,147,1973,-6 %,Aktuel værdi
Enebærvej 17080 Børkop,rkop,540.000,29-03-2017,Alm. Salg,10.800,4,Sommerhus,50,1958,-9 %,Aktuel værdi
Båskærvej 177080 Børkop,rkop,1.190.000,20-03-2017,Fam. Salg,13.678,3,Sommerhus,87,2009,,Aktuel værdi
Hyldevej 87080 Børkop,rkop,800.000,20-03-2017,Alm. Salg,6.451,4,Villa,124,1966,-11 %,Aktuel værdi
Lærkevej 397080 Børkop,rkop,1.000.000,17-03-2017,Alm. Salg,7.692,5,Villa,130,1973,-9 %,Aktuel værdi
Munkevænget 27080 Børkop,rkop,768.500,17-03-2017,Andet,4.199,5,Villa,183,1972,,Aktuel værdi
Falkevej 97080 Børkop,rkop,1.505.000,15-03-2017,Alm. Salg,12.137,4,Villa,124,1974,4 %,Aktuel værdi
Sellerupvej 387080 Børkop,rkop,2.540.000,14-03-2017,Alm. Salg,15.029,5,Villa,169,2010,0 %,Aktuel værdi
Vognsvadvej 27080 Børkop,rkop,1.980.000,13-03-2017,Alm. Salg,8.048,4,Villa,246,1898,,Aktuel værdi
Dyrehaven 207080 Børkop,rkop,3.995.000,10-03-2017,Alm. Salg,11.381,10,Villa,351,1952,0 %,Aktuel værdi
Andkær Bygade 37080 Børkop,rkop,730.313,08-03-2017,Fam. Salg,5.409,4,Villa,135,2015,,Aktuel værdi
Elbækvej 407080 Børkop,rkop,1.675.000,07-03-2017,Alm. Salg,12.407,5,Villa,135,2007,-1 %,Aktuel værdi
Overbyparken 637080 Børkop,rkop,1.050.000,07-03-2017,Fam. Salg,7.664,5,Villa,137,2000,,Aktuel værdi
Kragelundvænget 4E7080 Børkop,rkop,625.000,27-02-2017,Andet,6.188,3,Rækkehus,101,2008,,Aktuel værdi
Sommerstien 367080 Børkop,rkop,1.280.000,27-02-2017,Alm. Salg,19.692,3,Sommerhus,65,1935,-8 %,Aktuel værdi
Jupitervej 17080 Børkop,rkop,1.695.000,24-02-2017,Alm. Salg,8.782,5,Villa,193,1974,-6 %,Aktuel værdi
Kragelundvænget 97080 Børkop,rkop,2.640.000,24-02-2017,Alm. Salg,14.666,5,Villa,180,2006,-4 %,Aktuel værdi
Birkevang 28B7080 Børkop,rkop,250.000,18-02-2017,Alm. Salg,5.952,2,Rækkehus,42,1967,-15 %,Aktuel værdi
S. Stubsvej 427080 Børkop,rkop,3.600.000,17-02-2017,Alm. Salg,17.061,6,Villa,211,2010,-3 %,Aktuel værdi
Skovbyvej 18E7080 Børkop,rkop,2.125.000,11-02-2017,Alm. Salg,13.449,6,Villa,158,2002,-3 %,Aktuel værdi
Tårnet 17080 Børkop,rkop,1.195.000,09-02-2017,Alm. Salg,11.273,4,Villa,106,1984,0 %,Aktuel værdi
Sønderlundsvej 27080 Børkop,rkop,2.295.000,09-02-2017,Alm. Salg,11.033,8,Villa,208,1850,,Aktuel værdi
"Vestergade 5B, 17080 Børkop",rkop,1.275.000,09-02-2017,Alm. Salg,6.967,3,Lejlighed,183,1931,,Aktuel værdi
Borgvold 267080 Børkop,rkop,1.995.000,06-02-2017,Alm. Salg,7.885,6,Villa,253,1976,0 %,Aktuel værdi
Egevang 177080 Børkop,rkop,780.000,01-02-2017,Alm. Salg,7.358,4,Villa,106,1966,,Aktuel værdi
Andkærvej 2177080 Børkop,rkop,1.598.200,31-01-2017,Alm. Salg,9.686,4,Villa,165,2007,-6 %,Aktuel værdi
Lilholtparken 47080 Børkop,rkop,2.195.000,30-01-2017,Alm. Salg,14.633,5,Villa,150,1998,-4 %,Aktuel værdi
Bundsgaard 47080 Børkop,rkop,1.201.000,27-01-2017,Fam. Salg,7.798,6,Villa,154,2006,-50 %,Aktuel værdi
Kristianshøjvej 1017080 Børkop,rkop,3.100.000,25-01-2017,Alm. Salg,17.613,9,Stuehus,176,1889,,
Kirkestien 37080 Børkop,rkop,1.050.000,23-01-2017,Alm. Salg,8.606,4,Villa,122,1985,-7 %,Aktuel værdi
Bystedvej 117080 Børkop,rkop,568.500,19-01-2017,Alm. Salg,3.230,7,Villa,176,1972,-58 %,Aktuel værdi
Agernhaven 37080 Børkop,rkop,1.278.500,18-01-2017,Andet,4.666,8,Villa,274,2013,-65 %,Aktuel værdi
Klosterbakken 207080 Børkop,rkop,1.095.000,16-01-2017,Alm. Salg,9.776,4,Villa,112,1971,0 %,Aktuel værdi
Skovvænget 77080 Børkop,rkop,866.091,15-01-2017,Fam. Salg,5.006,7,Villa,173,1986,,Aktuel værdi
Krogen 97080 Børkop,rkop,785.000,14-01-2017,Alm. Salg,6.767,3,Villa,116,1965,-8 %,Aktuel værdi
Krokusvej 67080 Børkop,rkop,1.700.000,08-01-2017,Alm. Salg,27.419,3,Sommerhus,62,1991,-7 %,Aktuel værdi
Mølletoften 607080 Børkop,rkop,982.500,04-01-2017,Alm. Salg,8.772,4,Villa,112,1978,-10 %,Aktuel værdi
Duevej 147080 Børkop,rkop,1.355.000,04-01-2017,Alm. Salg,15.574,4,Sommerhus,87,1947,,Aktuel værdi
Becksvej 57080 Børkop,rkop,1.503.735,03-01-2017,Fam. Salg,27.340,2,Sommerhus,55,1961,,Aktuel værdi
Venusvej 17080 Børkop,rkop,697.500,03-01-2017,Fam. Salg,4.588,6,Villa,152,1974,,Aktuel værdi
Hagenvej 1107080 Børkop,rkop,1.350.000,31-12-2016,Alm. Salg,9.507,3,Villa,142,1964,-13 %,Aktuel værdi
H.O. Wildenskovsvej 12A7080 Børkop,rkop,4.000.000,27-12-2016,Alm. Salg,22.471,3,Dobbelthus,178,1963,,Aktuel værdi
Lien 47080 Børkop,rkop,1.400.000,21-12-2016,Alm. Salg,9.333,4,Villa,150,1976,-12 %,Aktuel værdi
Kragelundvænget 8G7080 Børkop,rkop,1.630.000,20-12-2016,Alm. Salg,16.138,3,Rækkehus,101,2006,,Aktuel værdi
Avlsgårdsvej 507080 Børkop,rkop,2.165.000,19-12-2016,Alm. Salg,18.193,4,Rækkehus,119,2012,-1 %,Aktuel værdi
Fjordparken 267080 Børkop,rkop,1.235.000,17-12-2016,Alm. Salg,14.360,2,Sommerhus,86,1976,-5 %,Aktuel værdi
Slåenvej 27080 Børkop,rkop,600.000,15-12-2016,Alm. Salg,7.058,3,Villa,85,1964,-14 %,Aktuel værdi
Hybenvej 57080 Børkop,rkop,1.650.000,15-12-2016,Alm. Salg,11.000,4,Villa,150,1971,-12 %,Aktuel værdi
Møllegårdsvej 2A7080 Børkop,rkop,12.000.000,14-12-2016,Alm. Salg,28.503,17,BygningTilKontor,421,1892,,Aktuel værdi
Birkevang 127080 Børkop,rkop,800.000,14-12-2016,Fam. Salg,5.405,6,Villa,148,1965,,Aktuel værdi
Amaliehaven 437080 Børkop,rkop,1.175.000,13-12-2016,Alm. Salg,6.871,5,Villa,171,2000,-50 %,Aktuel værdi
Kirstinesvej 87080 Børkop,rkop,1.870.000,09-12-2016,Alm. Salg,21.744,4,Sommerhus,86,1973,-15 %,Aktuel værdi
Skovbyvej 757080 Børkop,rkop,1.605.000,09-12-2016,Alm. Salg,8.025,5,Villa,200,1927,-2 %,Aktuel værdi
Strandvænget 67080 Børkop,rkop,1.200.000,09-12-2016,Fam. Salg,18.461,4,Sommerhus,65,1962,-20 %,Aktuel værdi
Poppelvang 377080 Børkop,rkop,1.575.000,05-12-2016,Alm. Salg,6.617,8,Villa,238,1973,0 %,Aktuel værdi
Kragelundvænget 187080 Børkop,rkop,1.075.000,05-12-2016,Alm. Salg,8.739,4,Villa,123,1943,-9 %,Aktuel værdi
Borggårdsparken 557080 Børkop,rkop,1.150.000,03-12-2016,Alm. Salg,9.504,4,Villa,121,1979,-11 %,Aktuel værdi
Skovbrynet 17080 Børkop,rkop,1.270.000,01-12-2016,Alm. Salg,11.140,4,Villa,114,1965,0 %,Aktuel værdi
Marius Mikkelsensvej 107080 Børkop,rkop,1.900.000,28-11-2016,Alm. Salg,31.666,4,Sommerhus,60,1968,-17 %,Aktuel værdi
Fasanvej 107080 Børkop,rkop,719.000,23-11-2016,Alm. Salg,3.706,4,Villa,194,1974,,Aktuel værdi
Overbyvej 317080 Børkop,rkop,1.300.000,23-11-2016,Alm. Salg,8.666,7,Villa,150,1928,-5 %,Aktuel værdi
Fjordparken 27080 Børkop,rkop,890.000,21-11-2016,Alm. Salg,12.191,4,Sommerhus,73,1978,-4 %,Aktuel værdi
Strandvej 57080 Børkop,rkop,1.400.000,21-11-2016,Alm. Salg,22.580,3,Sommerhus,62,1943,,Aktuel værdi
Randsborgvænget 127080 Børkop,rkop,1.500.000,21-11-2016,Fam. Salg,19.480,4,Sommerhus,77,1972,,Aktuel værdi
Kastanjehaven 57080 Børkop,rkop,2.445.000,21-11-2016,Alm. Salg,16.192,5,Villa,151,2011,-2 %,Aktuel værdi
Kragelundvænget 8D7080 Børkop,rkop,1.575.000,18-11-2016,Alm. Salg,15.594,3,Rækkehus,101,2006,0 %,Aktuel værdi
Hvidbjergvej 51B7080 Børkop,rkop,825.000,18-11-2016,Alm. Salg,16.836,3,Sommerhus,49,1947,-3 %,Aktuel værdi
Ved Hegnet 27080 Børkop,rkop,880.000,18-11-2016,Alm. Salg,15.714,2,Sommerhus,56,1959,-12 %,Aktuel værdi
Hammervej 87080 Børkop,rkop,2.750.000,17-11-2016,Alm. Salg,16.871,6,Villa,163,2004,-4 %,Aktuel værdi
Pindvej 87080 Børkop,rkop,1.585.000,15-11-2016,Alm. Salg,13.432,5,Sommerhus,118,2008,-6 %,Aktuel værdi
Skovgårdsparken 287080 Børkop,rkop,1.050.000,14-11-2016,Alm. Salg,10.194,4,Villa,103,1979,-4 %,Aktuel værdi
Fruergaardsvej 147080 Børkop,rkop,243.891,14-11-2016,Alm. Salg,1.496,5,Villa,163,2017,-66 %,Aktuel værdi
Kragelundvænget 4H7080 Børkop,rkop,1.555.000,12-11-2016,Alm. Salg,15.396,3,Rækkehus,101,2006,-1 %,Aktuel værdi
Industrivej 57080 Børkop,rkop,875.000,10-11-2016,Alm. Salg,7.608,3,Villa,115,1968,-10 %,Aktuel værdi
Møllevang 17080 Børkop,rkop,500.000,10-11-2016,Alm. Salg,5.882,3,Rækkehus,85,1983,,Aktuel værdi
Amaliegade 26D7080 Børkop,rkop,700.000,10-11-2016,Alm. Salg,4.605,5,Villa,152,1927,,Aktuel værdi
Klosterbakken 87080 Børkop,rkop,573.132,10-11-2016,Fam. Salg,3.473,5,Villa,165,1974,,Aktuel værdi
Høllvej 1267080 Børkop,rkop,900.000,07-11-2016,Alm. Salg,11.250,4,Sommerhus,80,2016,,Aktuel værdi
Solbakken 347080 Børkop,rkop,1.995.000,07-11-2016,Alm. Salg,16.625,5,Sommerhus,120,1996,-15 %,Aktuel værdi
Kragelundvænget 297080 Børkop,rkop,2.740.000,04-11-2016,Alm. Salg,16.913,4,Villa,162,2006,-5 %,Aktuel værdi
Vigen 247080 Børkop,rkop,1.075.000,03-11-2016,Fam. Salg,15.357,4,Sommerhus,70,1977,,Aktuel værdi
Hjortedalsvej 97080 Børkop,rkop,1.625.000,01-11-2016,Alm. Salg,19.345,3,Sommerhus,84,2013,-7 %,Aktuel værdi
Lyngbakkevej 177080 Børkop,rkop,816.000,01-11-2016,Fam. Salg,5.100,4,Villa,160,1970,,Aktuel værdi
Vandværksvej 117080 Børkop,rkop,1.050.000,31-10-2016,Alm. Salg,14.583,3,Villa,72,1960,-12 %,Aktuel værdi
Strandvej 87080 Børkop,rkop,1.400.000,31-10-2016,Alm. Salg,18.918,4,Sommerhus,74,1982,-24 %,Aktuel værdi
Amaliegade 287080 Børkop,rkop,926.000,31-10-2016,Alm. Salg,6.256,5,Villa,148,1900,-7 %,Aktuel værdi
Bjerget 127080 Børkop,rkop,650.000,31-10-2016,Fam. Salg,7.738,3,Villa,84,1852,,Aktuel værdi
Bundsgaard 277080 Børkop,rkop,2.900.000,31-10-2016,Alm. Salg,16.022,6,Villa,181,2014,-3 %,Aktuel værdi
Sellerup Strandvej 357080 Børkop,rkop,814.500,30-10-2016,Fam. Salg,13.805,3,Sommerhus,59,2007,,Aktuel værdi
Fruergaardsvej 97080 Børkop,rkop,583.230,30-10-2016,Alm. Salg,2.845,5,Villa,205,2017,,Aktuel værdi
Skovvænget 67080 Børkop,rkop,1.100.000,29-10-2016,Alm. Salg,8.527,3,Villa,129,1973,-15 %,Aktuel værdi
Kirkebakken 197080 Børkop,rkop,1.460.000,27-10-2016,Alm. Salg,14.600,4,Villa,100,1960,-2 %,Aktuel værdi
Lodsvej 1067080 Børkop,rkop,2.200.000,24-10-2016,Alm. Salg,29.333,5,Sommerhus,75,1952,,Aktuel værdi
Johannevej 37080 Børkop,rkop,1.050.000,22-10-2016,Alm. Salg,14.583,3,Sommerhus,72,1967,-8 %,Aktuel værdi
Fruergaardsvej 287080 Børkop,rkop,542.891,22-10-2016,Alm. Salg,3.525,5,Villa,154,2017,-16 %,Aktuel værdi
Stien 67080 Børkop,rkop,1.825.000,21-10-2016,Alm. Salg,11.624,5,Villa,157,1877,-1 %,Aktuel værdi
Marsvej 207080 Børkop,rkop,1.730.000,21-10-2016,Alm. Salg,11.019,4,Villa,157,1975,-4 %,Aktuel værdi
Mågevej 47080 Børkop,rkop,1.419.000,21-10-2016,Alm. Salg,11.825,4,Villa,120,1969,-2 %,Aktuel værdi
Vestermarksvej 1047080 Børkop,rkop,1.460.000,20-10-2016,Alm. Salg,7.978,5,Villa,183,1885,0 %,Aktuel værdi
Bøgevang 77080 Børkop,rkop,1.240.000,20-10-2016,Alm. Salg,7.848,8,Villa,158,1964,0 %,Aktuel værdi
Villavej 57080 Børkop,rkop,841.500,19-10-2016,Alm. Salg,6.678,5,Villa,126,1933,-6 %,Aktuel værdi
"Brejning Søndergade 44, 1. 157080 Børkop",rkop,540.000,19-10-2016,Alm. Salg,7.297,2,Lejlighed,74,1979,,Aktuel værdi
Kirstinesvej 187080 Børkop,rkop,705.500,16-10-2016,Fam. Salg,11.758,3,Sommerhus,60,1977,,Aktuel værdi
Rønnevang 527080 Børkop,rkop,2.800.000,14-10-2016,Alm. Salg,14.893,7,Villa,188,2005,0 %,Aktuel værdi
Smedager 1067080 Børkop,rkop,3.100.000,11-10-2016,Alm. Salg,17.613,6,Villa,176,1827,0 %,Aktuel værdi
Kragelundvænget 1257080 Børkop,rkop,3.630.000,07-10-2016,Alm. Salg,16.425,4,Villa,221,2007,-9 %,Aktuel værdi
Munkebakken 97080 Børkop,rkop,1.385.000,06-10-2016,Alm. Salg,9.233,5,Villa,150,1972,-7 %,Aktuel værdi
J.L. Varmingsvej 237080 Børkop,rkop,2.200.000,04-10-2016,Alm. Salg,16.793,4,Rækkehus,131,2012,-8 %,Aktuel værdi
Amaliehaven 377080 Børkop,rkop,1.830.000,29-09-2016,Auktion,13.357,5,Villa,137,2000,,Aktuel værdi
Hjortedalsvej 27080 Børkop,rkop,1.000.000,28-09-2016,Alm. Salg,15.873,4,Sommerhus,63,1980,-9 %,Aktuel værdi
Hasselvang 117080 Børkop,rkop,475.000,28-09-2016,Alm. Salg,3.682,5,Villa,129,2017,,Aktuel værdi
Randsborgvej 97080 Børkop,rkop,680.000,24-09-2016,Fam. Salg,16.190,3,Sommerhus,42,1957,,Aktuel værdi
Ved Hegnet 167080 Børkop,rkop,977.500,20-09-2016,Fam. Salg,16.291,3,Sommerhus,60,2014,,Aktuel værdi
Venusvej 47080 Børkop,rkop,1.595.000,19-09-2016,Alm. Salg,9.062,6,Villa,176,1975,0 %,Aktuel værdi
Brejning Østergade 27080 Børkop,rkop,2.280.000,16-09-2016,Alm. Salg,14.709,5,Villa,155,1924,-4 %,Aktuel værdi
Mejsevej 27080 Børkop,rkop,900.000,16-09-2016,Alm. Salg,7.826,4,Villa,115,1973,-14 %,Aktuel værdi
Skovly 1127080 Børkop,rkop,1.200.000,14-09-2016,Alm. Salg,20.000,3,Sommerhus,60,1944,,Aktuel værdi
Industrivej 2A7080 Børkop,rkop,1.084.682,14-09-2016,Andet,4.077,7,Villa,266,1972,,Aktuel værdi
Lodsvej 1107080 Børkop,rkop,2.000.000,14-09-2016,Alm. Salg,24.691,3,Sommerhus,81,1954,,Aktuel værdi
Kragelundvænget 2B7080 Børkop,rkop,1.545.000,13-09-2016,Alm. Salg,15.297,3,Rækkehus,101,2007,0 %,Aktuel værdi
Frits Nielsensvej 137080 Børkop,rkop,1.095.000,09-09-2016,Alm. Salg,15.869,2,Sommerhus,69,1965,-7 %,Aktuel værdi
Bystedparken 217080 Børkop,rkop,2.100.000,07-09-2016,Alm. Salg,11.602,6,Villa,181,1997,-4 %,Aktuel værdi
J.L. Varmingsvej 277080 Børkop,rkop,2.175.000,02-09-2016,Alm. Salg,16.992,4,Rækkehus,128,2012,-9 %,Aktuel værdi
Skovgårdsparken 557080 Børkop,rkop,1.050.000,01-09-2016,Alm. Salg,8.750,4,Villa,120,1980,-8 %,Aktuel værdi
Skovgårdsparken 27080 Børkop,rkop,1.000.000,29-08-2016,Alm. Salg,9.803,3,Villa,102,1978,-5 %,Aktuel værdi
Nyvej 77080 Børkop,rkop,2.725.000,27-08-2016,Alm. Salg,15.571,5,Villa,175,1931,-4 %,Aktuel værdi
Sct. Jørgens Parken 177080 Børkop,rkop,1.610.000,24-08-2016,Alm. Salg,8.131,4,Villa,198,1976,-1 %,Aktuel værdi
Klosterbakken 167080 Børkop,rkop,706.101,24-08-2016,Alm. Salg,5.230,5,Villa,135,1971,,Aktuel værdi
Nørrelyst 4A7080 Børkop,rkop,1.395.000,21-08-2016,Alm. Salg,10.568,5,Villa,132,1962,0 %,Aktuel værdi
Strandhusvej 47080 Børkop,rkop,1.130.000,19-08-2016,Alm. Salg,23.061,3,Sommerhus,49,1962,-5 %,Aktuel værdi
Birkevang 207080 Børkop,rkop,2.025.000,16-08-2016,Alm. Salg,14.062,5,Villa,144,1966,-3 %,Aktuel værdi
Agernhaven 77080 Børkop,rkop,4.185.000,16-08-2016,Alm. Salg,15.973,6,Villa,262,2012,-3 %,Aktuel værdi
Lien 27080 Børkop,rkop,1.145.000,15-08-2016,Alm. Salg,10.801,4,Villa,106,1977,-4 %,Aktuel værdi
Borgergade 287080 Børkop,rkop,1.160.000,15-08-2016,Alm. Salg,7.682,5,Villa,151,1904,-7 %,Aktuel værdi
Gårslev Nørregade 67080 Børkop,rkop,1.100.000,11-08-2016,Alm. Salg,8.730,4,Villa,126,1974,-8 %,Aktuel værdi
Bystedparken 327080 Børkop,rkop,1.375.000,11-08-2016,Alm. Salg,11.554,3,Villa,119,2000,-5 %,Aktuel værdi
B. Berthelsensvej 297080 Børkop,rkop,570.000,03-08-2016,Alm. Salg,3.677,5,Villa,155,2017,,Aktuel værdi
Niels Pedersensvej 377080 Børkop,rkop,1.775.000,01-08-2016,Alm. Salg,55.468,2,Sommerhus,32,1952,-11 %,Aktuel værdi
J.P. Skovsvej 117080 Børkop,rkop,2.625.000,30-07-2016,Alm. Salg,16.304,5,Villa,161,2009,-6 %,Aktuel værdi
Hørgyden 247080 Børkop,rkop,745.000,28-07-2016,Alm. Salg,7.233,4,Villa,103,1961,-16 %,Aktuel værdi
Kragelundvænget 567080 Børkop,rkop,2.550.000,22-07-2016,Alm. Salg,15.937,5,Villa,160,2006,-5 %,Aktuel værdi
Strandhusvej 147080 Børkop,rkop,1.300.000,21-07-2016,Alm. Salg,24.528,3,Sommerhus,53,2007,-7 %,Aktuel værdi
Amalievænget 457080 Børkop,rkop,1.290.000,20-07-2016,Alm. Salg,14.021,3,Rækkehus,92,1999,-6 %,Aktuel værdi
Blåbærvej 237080 Børkop,rkop,1.025.000,14-07-2016,Alm. Salg,20.500,2,Sommerhus,50,1960,-2 %,Aktuel værdi
Overbyparken 477080 Børkop,rkop,2.465.000,09-07-2016,Alm. Salg,13.770,4,Villa,179,1998,-1 %,Aktuel værdi
Overgaden 307080 Børkop,rkop,1.655.000,08-07-2016,Alm. Salg,12.259,5,Villa,135,1900,-2 %,Aktuel værdi
Egevej 87080 Børkop,rkop,1.250.000,07-07-2016,Alm. Salg,19.230,3,Sommerhus,65,1957,-3 %,Aktuel værdi
"Brejning Søndergade 44, 1. 197080 Børkop",rkop,495.000,07-07-2016,Alm. Salg,6.971,2,Lejlighed,71,1979,,Aktuel værdi
Amaliegade 237080 Børkop,rkop,775.000,05-07-2016,Alm. Salg,9.117,4,Villa,85,1950,-11 %,Aktuel værdi
Fruergaardsvej 317080 Børkop,rkop,667.891,01-07-2016,Alm. Salg,3.339,6,Villa,200,2017,-14 %,Aktuel værdi
Sct. Jørgens Parken 27080 Børkop,rkop,1.225.000,30-06-2016,Alm. Salg,7.852,5,Villa,156,1976,,Aktuel værdi
Baldersvej 137080 Børkop,rkop,1.100.000,29-06-2016,Fam. Salg,11.458,3,Rækkehus,96,1978,,Aktuel værdi
Østre Alle 27080 Børkop,rkop,1.150.000,29-06-2016,Alm. Salg,9.200,6,Villa,125,1940,-8 %,Aktuel værdi
Skovgårdsparken 307080 Børkop,rkop,1.200.000,29-06-2016,Alm. Salg,9.448,4,Villa,127,1977,-7 %,Aktuel værdi
Arnoldsvej 67080 Børkop,rkop,1.495.000,28-06-2016,Alm. Salg,10.912,5,Villa,137,1963,0 %,Aktuel værdi
Strandengen 17080 Børkop,rkop,2.300.000,26-06-2016,Alm. Salg,16.911,5,Sommerhus,136,2017,0 %,Aktuel værdi
Poppelvang 337080 Børkop,rkop,1.250.000,25-06-2016,Alm. Salg,8.445,5,Villa,148,1973,-7 %,Aktuel værdi
Kragelundvænget 177080 Børkop,rkop,2.425.000,25-06-2016,Alm. Salg,14.877,4,Villa,163,2006,-2 %,Aktuel værdi
Lavbolsvej 1067080 Børkop,rkop,1.535.000,24-06-2016,Alm. Salg,16.684,3,Sommerhus,92,2001,-3 %,Aktuel værdi
Vestergade 47080 Børkop,rkop,1.200.000,24-06-2016,Fam. Salg,4.545,7,Villa,264,1946,,Aktuel værdi
Fruergaardsvej 237080 Børkop,rkop,629.000,24-06-2016,Alm. Salg,3.456,6,Villa,182,2017,-3 %,Aktuel værdi
Hasselvang 547080 Børkop,rkop,2.425.000,21-06-2016,Alm. Salg,14.098,6,Villa,172,2008,-7 %,Aktuel værdi
Bjerrevænget 347080 Børkop,rkop,1.860.000,21-06-2016,Alm. Salg,11.204,6,Villa,166,1979,-2 %,Aktuel værdi
Sct. Jørgens Parken 17080 Børkop,rkop,995.000,21-06-2016,Alm. Salg,9.299,4,Villa,107,1977,0 %,Aktuel værdi
Roarsvej 197080 Børkop,rkop,1.650.000,19-06-2016,Alm. Salg,11.000,5,Villa,150,1973,-8 %,Aktuel værdi
Nyvej 257080 Børkop,rkop,1.185.000,19-06-2016,Alm. Salg,10.128,4,Villa,117,1952,-5 %,Aktuel værdi
Vibevej 37080 Børkop,rkop,1.050.000,18-06-2016,Alm. Salg,8.400,4,Villa,125,1976,-4 %,Aktuel værdi
Kildevej 67080 Børkop,rkop,2.000.000,18-06-2016,Alm. Salg,41.666,2,Sommerhus,48,1937,-9 %,Aktuel værdi
Randsborgvænget 67080 Børkop,rkop,1.635.000,17-06-2016,Alm. Salg,15.138,5,Sommerhus,108,1969,-4 %,Aktuel værdi
Avlsgårdsvej 347080 Børkop,rkop,1.850.000,17-06-2016,Alm. Salg,15.416,4,Villa,120,2016,-5 %,Aktuel værdi
Johannevej 137080 Børkop,rkop,685.000,16-06-2016,Alm. Salg,16.309,3,Sommerhus,42,1956,-14 %,Aktuel værdi
Skovgårdsparken 37080 Børkop,rkop,600.000,16-06-2016,Alm. Salg,6.315,3,Rækkehus,95,1983,-14 %,Aktuel værdi
Krogbuskevej 1137080 Børkop,rkop,1.150.000,16-06-2016,Alm. Salg,7.931,5,Villa,145,1927,-4 %,Aktuel værdi
Baldersvej 107080 Børkop,rkop,1.090.000,15-06-2016,Alm. Salg,11.354,3,Rækkehus,96,1978,,Aktuel værdi
Bjørnsvej 37080 Børkop,rkop,985.000,14-06-2016,Alm. Salg,16.416,3,Sommerhus,60,1970,-6 %,Aktuel værdi
Skovbyvej 217080 Børkop,rkop,1.395.000,14-06-2016,Alm. Salg,10.730,4,Villa,130,1963,0 %,Aktuel værdi
Brejning Vestergade 27080 Børkop,rkop,1.720.000,14-06-2016,Alm. Salg,12.027,5,Villa,143,2003,-2 %,Aktuel værdi
Bundsgaard 87080 Børkop,rkop,3.050.000,13-06-2016,Alm. Salg,17.329,6,Villa,176,2005,,Aktuel værdi
Vesterled 37080 Børkop,rkop,1.750.000,10-06-2016,Alm. Salg,11.075,7,Villa,158,1976,-12 %,Aktuel værdi
Poppelvang 237080 Børkop,rkop,1.695.000,09-06-2016,Alm. Salg,13.669,5,Villa,124,1969,0 %,Aktuel værdi
"Brejning Strand 101, KL. MF7080 Børkop",rkop,1.395.000,08-06-2016,Alm. Salg,15.674,2,Lejlighed,89,1920,,Aktuel værdi
Skovbyvej 197080 Børkop,rkop,1.100.000,07-06-2016,Alm. Salg,8.730,5,Villa,126,1964,0 %,Aktuel værdi
Fjordvænget 367080 Børkop,rkop,3.500.000,06-06-2016,Alm. Salg,19.886,4,Villa,176,2005,-4 %,Aktuel værdi
Vestergade 127080 Børkop,rkop,1.325.000,02-06-2016,Alm. Salg,7.703,5,Villa,172,1926,-4 %,Aktuel værdi
Toftumvej 97080 Børkop,rkop,400.000,01-06-2016,Alm. Salg,3.636,3,Villa,110,1827,-24 %,Aktuel værdi
Bystedparken 737080 Børkop,rkop,2.400.000,01-06-2016,Alm. Salg,15.483,4,Villa,155,2011,,Aktuel værdi
Kragelundvænget 757080 Børkop,rkop,1.740.000,30-05-2016,Alm. Salg,14.032,4,Villa,124,2007,-3 %,Aktuel værdi
Mamrelund 47080 Børkop,rkop,4.600.000,28-05-2016,Alm. Salg,22.330,5,Villa,206,2015,-6 %,Aktuel værdi
Overbyparken 337080 Børkop,rkop,2.400.000,26-05-2016,Alm. Salg,12.565,5,Villa,191,1999,-4 %,Aktuel værdi
Rytterskolevej 187080 Børkop,rkop,830.000,25-05-2016,Alm. Salg,5.646,6,Villa,147,1979,,Aktuel værdi
Båskærvej 77080 Børkop,rkop,1.800.000,25-05-2016,Alm. Salg,22.500,4,Sommerhus,80,1934,-12 %,Aktuel værdi
Kragelundvænget 1197080 Børkop,rkop,3.300.000,25-05-2016,Alm. Salg,15.000,4,Villa,220,2007,-3 %,Aktuel værdi
Klosterbakken 247080 Børkop,rkop,1.062.500,25-05-2016,Alm. Salg,5.083,7,Villa,209,1971,-3 %,Aktuel værdi
Hørgyden 277080 Børkop,rkop,1.425.000,23-05-2016,Alm. Salg,6.690,7,Villa,213,1850,-5 %,Aktuel værdi
Strandhusvej 37080 Børkop,rkop,870.000,20-05-2016,Alm. Salg,17.400,3,Sommerhus,50,2010,,Aktuel værdi
Overgaden 22A7080 Børkop,rkop,1.145.000,19-05-2016,Alm. Salg,12.311,3,Villa,93,1999,,Aktuel værdi
Munkedalen 27080 Børkop,rkop,710.000,19-05-2016,Alm. Salg,5.182,5,Villa,137,1969,-21 %,Aktuel værdi
"Chr Kellersvej 6C, 2. TH7080 Børkop",rkop,1.975.000,18-05-2016,Alm. Salg,13.079,2,Lejlighed,151,1920,-14 %,Aktuel værdi
Kirkegade 207080 Børkop,rkop,885.000,18-05-2016,Alm. Salg,10.925,3,Villa,81,1933,,Aktuel værdi
Kastanjehaven 447080 Børkop,rkop,3.500.000,17-05-2016,Alm. Salg,17.500,6,Villa,200,2011,-3 %,Aktuel værdi
Bjørnsvej 107080 Børkop,rkop,1.050.000,15-05-2016,Alm. Salg,16.153,3,Sommerhus,65,1996,-4 %,Aktuel værdi
Kragholmvej 227080 Børkop,rkop,470.000,12-05-2016,Alm. Salg,2.526,6,Villa,186,2017,,Aktuel værdi
Bøgevang 177080 Børkop,rkop,825.000,08-05-2016,Alm. Salg,9.166,3,Villa,90,1965,,Aktuel værdi
Hvidbjergvej 1017080 Børkop,rkop,795.000,05-05-2016,Alm. Salg,7.571,4,Villa,105,1942,0 %,Aktuel værdi
Kragelundvænget 1117080 Børkop,rkop,2.885.000,04-05-2016,Alm. Salg,17.808,6,Villa,162,2007,-4 %,Aktuel værdi
Hagenvej 1197080 Børkop,rkop,1.850.000,03-05-2016,Alm. Salg,34.905,3,Sommerhus,53,1991,-7 %,Aktuel værdi
"Brejning Søndergade 44, 1. 57080 Børkop",rkop,550.000,03-05-2016,Alm. Salg,7.432,2,Lejlighed,74,1979,,Aktuel værdi
Solkrogen 27080 Børkop,rkop,1.525.000,02-05-2016,Alm. Salg,24.206,3,Sommerhus,63,1995,-4 %,Aktuel værdi
"H.O. Wildenskovsvej 28, 3. TH7080 Børkop",rkop,3.500.000,30-04-2016,Andet,15.765,3,Lejlighed,222,1900,,Aktuel værdi
Brejning Østergade 57080 Børkop,rkop,2.695.000,29-04-2016,Alm. Salg,10.169,7,Villa,265,1899,0 %,Aktuel værdi
Mads Madsens Vænge 87080 Børkop,rkop,666.666,29-04-2016,Alm. Salg,11.494,3,Sommerhus,58,1969,,Aktuel værdi
Fasanvej 57080 Børkop,rkop,1.400.000,29-04-2016,Alm. Salg,5.668,8,Villa,247,1972,-12 %,Aktuel værdi
Rønnevang 387080 Børkop,rkop,2.975.000,26-04-2016,Alm. Salg,17.921,5,Villa,166,2005,-1 %,Aktuel værdi
Kirstinesvej 147080 Børkop,rkop,1.300.000,26-04-2016,Alm. Salg,21.311,3,Sommerhus,61,1977,-3 %,Aktuel værdi
Overhøll 1117080 Børkop,rkop,700.000,21-04-2016,Fam. Salg,5.511,4,Villa,127,1929,,Aktuel værdi
Skovvænget 87080 Børkop,rkop,2.395.000,20-04-2016,Alm. Salg,14.255,5,Villa,168,1974,,Aktuel værdi
Hvidbjergvej 247080 Børkop,rkop,378.250,20-04-2016,Fam. Salg,5.819,3,Sommerhus,65,1961,-71 %,Aktuel værdi
Mejsevej 147080 Børkop,rkop,1.180.000,20-04-2016,Alm. Salg,10.535,4,Villa,112,1973,-1 %,Aktuel værdi
Enghavegårdsvej 157080 Børkop,rkop,2.300.000,20-04-2016,Alm. Salg,12.432,6,Villa,185,2010,-3 %,Aktuel værdi
Helgesvej 17080 Børkop,rkop,1.080.000,18-04-2016,Alm. Salg,6.923,6,Villa,156,1973,-20 %,Aktuel værdi
Vigen 327080 Børkop,rkop,1.475.000,18-04-2016,Alm. Salg,17.151,2,Sommerhus,86,2007,-5 %,Aktuel værdi
Kragelundvænget 2E7080 Børkop,rkop,743.089,16-04-2016,Andet,7.357,3,Rækkehus,101,2007,,Aktuel værdi
Sellerupvej 247080 Børkop,rkop,2.600.000,15-04-2016,Alm. Salg,10.833,5,Villa,240,1850,-26 %,Aktuel værdi
Tofte Alle 37080 Børkop,rkop,1.465.000,15-04-2016,Alm. Salg,9.898,6,Villa,148,1923,-2 %,Aktuel værdi
Møllegade 27B7080 Børkop,rkop,1.050.000,11-04-2016,Alm. Salg,12.962,3,Lejlighed,81,2007,0 %,Aktuel værdi
Enghavevej 217080 Børkop,rkop,1.015.000,11-04-2016,Alm. Salg,5.286,6,Villa,192,1967,-12 %,Aktuel værdi
Overgaden 157080 Børkop,rkop,520.000,07-04-2016,Auktion,4.814,5,Villa,108,1961,,Aktuel værdi
Elbækvej 37080 Børkop,rkop,1.475.000,06-04-2016,Alm. Salg,10.172,3,Villa,145,1987,0 %,Aktuel værdi
Overbyvej 247080 Børkop,rkop,1.200.000,05-04-2016,Alm. Salg,8.571,6,Villa,140,1827,0 %,Aktuel værdi
Fruergaardsvej 197080 Børkop,rkop,649.000,31-03-2016,Alm. Salg,3.150,6,Villa,206,2016,0 %,Aktuel værdi
"H.O. Wildenskovsvej 24, 3. TV7080 Børkop",rkop,2.900.000,30-03-2016,Alm. Salg,11.836,2,Lejlighed,245,1900,0 %,Aktuel værdi
Solitudevej 107080 Børkop,rkop,554.301,30-03-2016,Andet,5.180,3,Villa,107,1953,,Aktuel værdi
Sellerup Vangvej 107080 Børkop,rkop,875.000,23-03-2016,Alm. Salg,12.152,4,Villa,72,1956,-7 %,Aktuel værdi
Lærkevej 107080 Børkop,rkop,1.295.000,23-03-2016,Alm. Salg,10.360,4,Villa,125,1963,-2 %,Aktuel værdi
Rønnevang 367080 Børkop,rkop,1.700.000,22-03-2016,Alm. Salg,12.977,4,Villa,131,2003,-5 %,Aktuel værdi
Lærkevej 377080 Børkop,rkop,512.763,21-03-2016,Fam. Salg,3.742,5,Villa,137,1973,,Aktuel værdi
Overmøllevej 1157080 Børkop,rkop,2.200.000,20-03-2016,Alm. Salg,11.764,6,Villa,187,1900,-12 %,Aktuel værdi
B. Berthelsensvej 317080 Børkop,rkop,590.000,18-03-2016,Alm. Salg,2.694,7,Villa,219,2017,,Aktuel værdi
Granvej 117080 Børkop,rkop,1.580.000,17-03-2016,Alm. Salg,25.079,3,Sommerhus,63,2003,-4 %,Aktuel værdi
Marius Hansensvej 267080 Børkop,rkop,450.000,17-03-2016,Alm. Salg,5.294,2,Sommerhus,85,1935,-22 %,Aktuel værdi
Chr Kellersvej 17080 Børkop,rkop,1.360.000,12-03-2016,Alm. Salg,7.727,7,Villa,176,1898,-3 %,Aktuel værdi
Fruergaardsvej 77080 Børkop,rkop,550.000,08-03-2016,Alm. Salg,2.582,6,Villa,213,2016,,Aktuel værdi
Mølleparken 227080 Børkop,rkop,2.625.000,06-03-2016,Alm. Salg,16.006,5,Villa,164,2006,-3 %,Aktuel værdi
Solbakken 287080 Børkop,rkop,1.375.000,06-03-2016,Alm. Salg,22.540,3,Sommerhus,61,1968,-16 %,Aktuel værdi
Venusvej 97080 Børkop,rkop,1.300.000,04-03-2016,Alm. Salg,9.848,5,Villa,132,1975,,Aktuel værdi
Tjørnevej 67080 Børkop,rkop,1.300.000,02-03-2016,Andet,9.923,4,Villa,131,1972,-7 %,Aktuel værdi
Sellerup Strandvej 737080 Børkop,rkop,1.200.000,01-03-2016,Alm. Salg,27.272,2,Sommerhus,44,1965,,Aktuel værdi
Borggårdsparken 567080 Børkop,rkop,1.590.000,29-02-2016,Alm. Salg,12.822,4,Villa,124,1986,0 %,Aktuel værdi
Pindvej 67080 Børkop,rkop,610.000,28-02-2016,Alm. Salg,5.304,4,Sommerhus,115,1969,,Aktuel værdi
Rønnevang 517080 Børkop,rkop,1.775.000,28-02-2016,Alm. Salg,12.678,4,Villa,140,1998,-4 %,Aktuel værdi
Borggårdsparken 10A7080 Børkop,rkop,995.000,26-02-2016,Alm. Salg,11.845,3,Rækkehus,84,1988,-9 %,Aktuel værdi
Bytoften 87080 Børkop,rkop,716.000,22-02-2016,Andet,5.821,4,Villa,123,1985,,Aktuel værdi
Kragelundvænget 1037080 Børkop,rkop,2.575.000,22-02-2016,Alm. Salg,15.895,4,Villa,162,2007,,Aktuel værdi
Firkløvervej 27080 Børkop,rkop,1.615.000,18-02-2016,Alm. Salg,21.533,4,Sommerhus,75,2010,-2 %,Aktuel værdi
"Brejning Strand 101, 1. TV7080 Børkop",rkop,1.490.000,16-02-2016,Alm. Salg,18.625,2,Lejlighed,80,1920,0 %,Aktuel værdi
H.O. Wildenskovsvej 16C7080 Børkop,rkop,5.300.000,16-02-2016,Alm. Salg,21.991,5,Villa,241,2009,-18 %,Aktuel værdi
Kragelundvænget 1357080 Børkop,rkop,2.350.000,15-02-2016,Alm. Salg,15.771,6,Villa,149,2007,,Aktuel værdi
Borgvold 417080 Børkop,rkop,980.000,15-02-2016,Alm. Salg,7.259,5,Villa,135,1977,,Aktuel værdi
Fjordvænget 27080 Børkop,rkop,2.400.000,15-02-2016,Alm. Salg,14.201,5,Villa,169,2004,,Aktuel værdi
Saturnvej 17080 Børkop,rkop,1.095.000,14-02-2016,Alm. Salg,9.125,4,Villa,120,1972,0 %,Aktuel værdi
Roarsvej 47080 Børkop,rkop,985.000,14-02-2016,Alm. Salg,10.260,3,Rækkehus,96,1977,-2 %,Aktuel værdi
Munkevænget 67080 Børkop,rkop,1.295.000,11-02-2016,Alm. Salg,8.301,5,Villa,156,1971,-7 %,Aktuel værdi
Randsborgvej 207080 Børkop,rkop,485.000,09-02-2016,Alm. Salg,7.822,3,Sommerhus,62,1967,,Aktuel værdi
Enebærvej 67080 Børkop,rkop,1.040.000,06-02-2016,Alm. Salg,21.224,3,Sommerhus,49,1945,,Aktuel værdi
Birkevang 28D7080 Børkop,rkop,280.000,04-02-2016,Alm. Salg,6.666,2,Rækkehus,42,1967,,Aktuel værdi
I. Verlingsvej 167080 Børkop,rkop,3.335.000,03-02-2016,Alm. Salg,18.027,6,Villa,185,2011,,Aktuel værdi
"Vestergade 1B, ST. 1057080 Børkop",rkop,4.612.866,29-01-2016,Andet,38.763,3,Lejlighed,119,1921,,Aktuel værdi
Hørgyden 407080 Børkop,rkop,4.890.000,27-01-2016,Alm. Salg,19.404,7,Stuehus,252,1856,,
Kirkegade 67080 Børkop,rkop,769.824,26-01-2016,Alm. Salg,5.098,7,Villa,151,1932,,Aktuel værdi
Vigen Skovvej 127080 Børkop,rkop,1.300.000,24-01-2016,Alm. Salg,9.420,4,Villa,138,2012,,Aktuel værdi
Borgvold 477080 Børkop,rkop,725.000,22-01-2016,Alm. Salg,8.333,3,Villa,87,1978,-3 %,Aktuel værdi
Elmevej 47080 Børkop,rkop,1.125.000,22-01-2016,Alm. Salg,7.601,5,Villa,148,1973,-10 %,Aktuel værdi
Solitudevej 167080 Børkop,rkop,1.425.000,20-01-2016,Alm. Salg,10.555,5,Villa,135,1976,-5 %,Aktuel værdi
Lodsvej 1127080 Børkop,rkop,1.700.000,14-01-2016,Alm. Salg,26.984,3,Sommerhus,63,2000,,Aktuel værdi
Mørkholtvej 87080 Børkop,rkop,2.600.000,14-01-2016,Alm. Salg,11.016,7,Villa,236,1863,,Aktuel værdi
J.P. Skovsvej 77080 Børkop,rkop,2.430.000,14-01-2016,Alm. Salg,16.200,5,Villa,150,2011,-3 %,Aktuel værdi
V. Borgenvej 17080 Børkop,rkop,915.000,12-01-2016,Alm. Salg,13.071,4,Sommerhus,70,1950,-8 %,Aktuel værdi
Venusvej 27080 Børkop,rkop,1.450.000,08-01-2016,Alm. Salg,10.139,4,Villa,143,1975,-3 %,Aktuel værdi
Enghavevej 117080 Børkop,rkop,1.900.000,07-01-2016,Alm. Salg,17.272,3,Villa,110,1965,,Aktuel værdi
Lundbjergvej 1117080 Børkop,rkop,4.900.000,01-01-2016,Fam. Salg,16.171,11,Villa,303,1890,,Aktuel værdi
Borggårdsparken 13B7080 Børkop,rkop,940.000,29-12-2015,Alm. Salg,11.058,3,Rækkehus,85,1984,-5 %,Aktuel værdi
Dagmarsvej 147080 Børkop,rkop,900.000,28-12-2015,Fam. Salg,5.882,6,Villa,153,1993,,Aktuel værdi
Mølleparken 327080 Børkop,rkop,2.151.300,17-12-2015,Auktion,11.755,4,Villa,183,2007,,Aktuel værdi
Skolegade 107080 Børkop,rkop,73.001,17-12-2015,Auktion,730,4,Villa,100,1857,,Aktuel værdi
Bjergstien 17080 Børkop,rkop,1.500.000,13-12-2015,Fam. Salg,15.463,4,Sommerhus,97,1957,,Aktuel værdi
B. Berthelsensvej 227080 Børkop,rkop,425.000,11-12-2015,Alm. Salg,2.456,5,Villa,173,2016,-15 %,Aktuel værdi
Kirstinesvej 227080 Børkop,rkop,825.000,10-12-2015,Alm. Salg,13.750,4,Sommerhus,60,1975,-17 %,Aktuel værdi
Krogbuskevej 1307080 Børkop,rkop,1.770.000,09-12-2015,Alm. Salg,7.023,9,Stuehus,252,1827,,
Birkevang 26E7080 Børkop,rkop,275.000,04-12-2015,Alm. Salg,6.395,2,Rækkehus,43,1967,-7 %,Aktuel værdi
Fruergaardsvej 17080 Børkop,rkop,525.000,04-12-2015,Alm. Salg,3.052,5,Villa,172,2016,,Aktuel værdi
Brejning Søndergade 197080 Børkop,rkop,850.000,01-12-2015,Alm. Salg,6.692,6,Villa,127,1958,-15 %,Aktuel værdi
Vestermarksvej 1017080 Børkop,rkop,827.700,26-11-2015,Auktion,3.183,8,Villa,260,1800,-53 %,Aktuel værdi
Birkevang 107080 Børkop,rkop,682.500,26-11-2015,Fam. Salg,4.772,6,Villa,143,1964,,Aktuel værdi
Hasseltoften 167080 Børkop,rkop,960.000,26-11-2015,Alm. Salg,12.467,4,Sommerhus,77,1975,-12 %,Aktuel værdi
Hebovænget 47080 Børkop,rkop,785.000,26-11-2015,Alm. Salg,5.946,4,Villa,132,1966,-1 %,Aktuel værdi
Arnoldsvej 37080 Børkop,rkop,2.075.000,25-11-2015,Fam. Salg,7.950,7,Villa,261,2015,,Aktuel værdi
Syrenvej 127080 Børkop,rkop,1.050.000,25-11-2015,Alm. Salg,7.720,4,Villa,136,1967,-12 %,Aktuel værdi
Vigen 627080 Børkop,rkop,1.720.000,23-11-2015,Alm. Salg,21.500,3,Sommerhus,80,1949,-14 %,Aktuel værdi
Enghavegårdsvej 197080 Børkop,rkop,492.000,23-11-2015,Alm. Salg,3.174,5,Villa,155,2016,-24 %,Aktuel værdi
Fruergaardsvej 137080 Børkop,rkop,550.000,20-11-2015,Alm. Salg,3.313,6,Villa,166,2016,,Aktuel værdi
Vandværksvej 217080 Børkop,rkop,921.000,17-11-2015,Fam. Salg,3.000,7,Stuehus,307,1904,-67 %,
Høllvej 1167080 Børkop,rkop,97.500,13-11-2015,Andet,393,6,Stuehus,248,1777,,
Damhusvej 1057080 Børkop,rkop,24.960.717,13-11-2015,Andet,100.648,7,Villa,248,1906,,Aktuel værdi
Syrenvej 1A7080 Børkop,rkop,1.700.000,13-11-2015,Alm. Salg,12.592,4,Villa,135,1971,-3 %,Aktuel værdi
Fasanvej 87080 Børkop,rkop,1.750.000,12-11-2015,Alm. Salg,9.114,5,Villa,192,1973,-3 %,Aktuel værdi
Fruergaardsvej 37080 Børkop,rkop,525.000,12-11-2015,Alm. Salg,2.476,5,Villa,212,2016,,Aktuel værdi
"Chr Kellersvej 2D, ST. TH7080 Børkop",rkop,1.875.000,11-11-2015,Alm. Salg,13.888,3,Lejlighed,135,1899,0 %,Aktuel værdi
Anemonevej 117080 Børkop,rkop,1.100.000,10-11-2015,Alm. Salg,19.298,3,Sommerhus,57,1996,-15 %,Aktuel værdi
Mølletoften 87080 Børkop,rkop,1.475.000,10-11-2015,Alm. Salg,8.286,5,Villa,178,1974,-1 %,Aktuel værdi
J.L. Varmingsvej 217080 Børkop,rkop,2.100.000,06-11-2015,Alm. Salg,16.406,4,Rækkehus,128,2012,-8 %,Aktuel værdi
Mølletoften 527080 Børkop,rkop,1.650.000,06-11-2015,Alm. Salg,8.461,7,Villa,195,1978,-3 %,Aktuel værdi
Sellerup Skovvej 1107080 Børkop,rkop,140.000,02-11-2015,Alm. Salg,1.238,4,Villa,113,1837,,Aktuel værdi
Fædrift 217080 Børkop,rkop,740.000,30-10-2015,Alm. Salg,18.048,1,Sommerhus,41,1937,-7 %,Aktuel værdi
Strandvej 77080 Børkop,rkop,3.100.000,30-10-2015,Alm. Salg,31.958,6,Sommerhus,97,1939,-9 %,Aktuel værdi
Fasanvej 117080 Børkop,rkop,1.700.000,27-10-2015,Alm. Salg,8.629,5,Villa,197,1971,-5 %,Aktuel værdi
Mølleparken 157080 Børkop,rkop,2.735.000,27-10-2015,Alm. Salg,15.539,5,Villa,176,2005,-6 %,Aktuel værdi
Kæragervej 67080 Børkop,rkop,550.000,23-10-2015,Alm. Salg,3.985,5,Villa,138,1965,,Aktuel værdi
"Brejning Strand 1B, 17080 Børkop",rkop,6.300.000,23-10-2015,Alm. Salg,22.027,6,Lejlighed,286,1892,-9 %,Aktuel værdi
Vigen Skovvej 107080 Børkop,rkop,1.190.000,15-10-2015,Fam. Salg,4.250,6,Villa,280,1883,,Aktuel værdi
Hvidbjergvej 87080 Børkop,rkop,762.041,14-10-2015,Andet,3.342,7,Villa,228,1877,,Aktuel værdi
Mølletoften 147080 Børkop,rkop,1.225.000,13-10-2015,Alm. Salg,6.882,6,Villa,178,1974,-5 %,Aktuel værdi
J.L. Varmingsvej 117080 Børkop,rkop,2.845.000,10-10-2015,Alm. Salg,21.717,4,Rækkehus,131,2009,,Aktuel værdi
Sellerup Strandvej 777080 Børkop,rkop,1.200.000,08-10-2015,Alm. Salg,29.268,1,Sommerhus,41,1962,-14 %,Aktuel værdi
Skovbyvej 147080 Børkop,rkop,1.043.463,08-10-2015,Fam. Salg,5.323,5,Villa,196,2005,,Aktuel værdi
Hasselvang 767080 Børkop,rkop,2.195.000,06-10-2015,Alm. Salg,16.503,5,Villa,133,2009,0 %,Aktuel værdi
Agernhaven 227080 Børkop,rkop,750.000,03-10-2015,Alm. Salg,3.750,6,Villa,200,2016,-9 %,Aktuel værdi
Hjortedalsvej 147080 Børkop,rkop,300.000,01-10-2015,Alm. Salg,7.500,3,Sommerhus,40,1940,,Aktuel værdi
Hvidbjergvej 367080 Børkop,rkop,1.025.000,01-10-2015,Alm. Salg,6.925,6,Villa,148,1910,,Aktuel værdi
Sellerup Vangvej 167080 Børkop,rkop,570.000,29-09-2015,Alm. Salg,8.906,2,Villa,64,1955,-4 %,Aktuel værdi
Hvidbjergvej 497080 Børkop,rkop,850.000,28-09-2015,Fam. Salg,22.368,2,Sommerhus,38,1961,,Aktuel værdi
Vognsvadvej 17080 Børkop,rkop,1.375.000,25-09-2015,Alm. Salg,12.276,3,Villa,112,1946,-1 %,Aktuel værdi
Nyboesgade 27080 Børkop,rkop,560.000,24-09-2015,Auktion,5.333,4,Villa,105,1961,,Aktuel værdi
Solbakken 127080 Børkop,rkop,1.800.000,24-09-2015,Alm. Salg,16.666,4,Sommerhus,108,1974,-21 %,Aktuel værdi
Hjulgyden 107080 Børkop,rkop,1.200.000,23-09-2015,Alm. Salg,2.526,12,Døgninstitution,475,1904,-20 %,Aktuel værdi
Ved Hegnet 127080 Børkop,rkop,870.000,23-09-2015,Alm. Salg,10.235,5,Sommerhus,85,2016,-13 %,Aktuel værdi
Bjerrisgårdsvej 37080 Børkop,rkop,790.000,20-09-2015,Fam. Salg,12.741,4,Sommerhus,62,1974,,Aktuel værdi
Skovvej 117080 Børkop,rkop,1.650.000,19-09-2015,Alm. Salg,15.137,4,Villa,109,1961,-5 %,Aktuel værdi
Egevej 67080 Børkop,rkop,714.000,14-09-2015,Fam. Salg,13.730,3,Sommerhus,52,1959,,Aktuel værdi
Egevej 47080 Børkop,rkop,1.147.500,14-09-2015,Fam. Salg,16.630,3,Sommerhus,69,2008,,Aktuel værdi
Skovvej 77080 Børkop,rkop,1.000.000,11-09-2015,Alm. Salg,9.803,4,Villa,102,1964,,Aktuel værdi
Skovvej 137080 Børkop,rkop,550.000,10-09-2015,Alm. Salg,3.642,7,Villa,151,1970,-8 %,Aktuel værdi
Dagmarsvej 407080 Børkop,rkop,1.046.500,07-09-2015,Alm. Salg,7.421,5,Villa,141,1994,-54 %,Aktuel værdi
Munkebo 107080 Børkop,rkop,1.249.000,07-09-2015,Alm. Salg,9.320,4,Villa,134,1972,0 %,Aktuel værdi
Høllvej 1197080 Børkop,rkop,1.150.000,04-09-2015,Alm. Salg,7.666,5,Villa,150,1973,-11 %,Aktuel værdi
Hebovænget 87080 Børkop,rkop,1.275.000,03-09-2015,Alm. Salg,7.727,7,Villa,165,1964,0 %,Aktuel værdi
Elbækvej 367080 Børkop,rkop,750.000,03-09-2015,Alm. Salg,4.870,6,Villa,154,1892,-16 %,Aktuel værdi
"Brejning Strand 1B, ST7080 Børkop",rkop,4.000.000,02-09-2015,Alm. Salg,18.867,4,Lejlighed,212,1892,-11 %,Aktuel værdi
B. Berthelsensvej 277080 Børkop,rkop,570.000,31-08-2015,Alm. Salg,2.821,6,Villa,202,2016,,Aktuel værdi
Sellerupvej 327080 Børkop,rkop,365.000,27-08-2015,Alm. Salg,3.924,5,Villa,93,1959,-4 %,Aktuel værdi
Hasselvang 97080 Børkop,rkop,500.000,27-08-2015,Alm. Salg,3.333,5,Villa,150,2016,,Aktuel værdi
Fredericiavej 4457080 Børkop,rkop,1.165.000,25-08-2015,Alm. Salg,7.564,6,Villa,154,1927,-3 %,Aktuel værdi
Fruergaardsvej 117080 Børkop,rkop,583.907,24-08-2015,Alm. Salg,3.262,5,Villa,179,2016,,Aktuel værdi
Fruergaardsvej 67080 Børkop,rkop,701.913,23-08-2015,Alm. Salg,3.835,5,Villa,183,2016,12 %,Aktuel værdi
Birkevang 77080 Børkop,rkop,1.180.000,22-08-2015,Alm. Salg,9.291,3,Villa,127,1965,-5 %,Aktuel værdi
Nyvej 157080 Børkop,rkop,785.000,21-08-2015,Alm. Salg,11.214,3,Villa,70,1961,-1 %,Aktuel værdi
Bystedparken 77080 Børkop,rkop,1.810.000,21-08-2015,Alm. Salg,8.743,5,Villa,207,1996,-2 %,Aktuel værdi
Fruergaardsvej 87080 Børkop,rkop,601.001,20-08-2015,Alm. Salg,3.980,5,Villa,151,2016,,Aktuel værdi
Børkop Skovvej 1057080 Børkop,rkop,2.000.000,19-08-2015,Alm. Salg,16.528,4,Villa,121,1941,,Aktuel værdi
Brejning Østergade 47080 Børkop,rkop,949.162,17-08-2015,Fam. Salg,5.454,4,Villa,174,1882,,Aktuel værdi
"Jernbanegade 7, 17080 Børkop",rkop,1.800.000,17-08-2015,Alm. Salg,15.929,5,Rækkehus,113,1959,,Aktuel værdi
Viggo Andersensvej 57080 Børkop,rkop,650.000,14-08-2015,Alm. Salg,6.500,3,Villa,100,1962,-18 %,Aktuel værdi
Borggårdsparken 287080 Børkop,rkop,1.850.000,11-08-2015,Alm. Salg,13.805,5,Villa,134,1986,0 %,Aktuel værdi
Solbakken 47080 Børkop,rkop,1.050.000,10-08-2015,Alm. Salg,17.796,4,Sommerhus,59,1969,-9 %,Aktuel værdi
Fruergaardsvej 207080 Børkop,rkop,725.000,07-08-2015,Alm. Salg,3.372,5,Villa,215,2016,,Aktuel værdi
Kragelundvænget 157080 Børkop,rkop,2.660.000,06-08-2015,Alm. Salg,16.625,5,Villa,160,2007,-1 %,Aktuel værdi
Lyngbakkevej 67080 Børkop,rkop,1.351.000,06-08-2015,Alm. Salg,9.789,6,Villa,138,1952,,Aktuel værdi
Karl Tømrersvej 257080 Børkop,rkop,1.080.000,05-08-2015,Alm. Salg,7.448,6,Villa,145,1967,-1 %,Aktuel værdi
Damsbo 107080 Børkop,rkop,1.650.000,03-08-2015,Alm. Salg,10.509,6,Villa,157,1977,-3 %,Aktuel værdi
Poppelvang 277080 Børkop,rkop,1.349.000,31-07-2015,Alm. Salg,9.053,4,Villa,149,1970,-3 %,Aktuel værdi
Mads Madsens Vænge 357080 Børkop,rkop,1.160.000,30-07-2015,Alm. Salg,16.111,3,Sommerhus,72,1986,-3 %,Aktuel værdi
Solbakken 37080 Børkop,rkop,535.000,29-07-2015,Fam. Salg,5.691,4,Sommerhus,94,2016,,Aktuel værdi
Mølle Skovvej 1087080 Børkop,rkop,2.300.000,20-07-2015,Alm. Salg,11.219,4,Villa,205,1900,-11 %,Aktuel værdi
Knudsvej 127080 Børkop,rkop,1.850.000,18-07-2015,Alm. Salg,9.113,5,Villa,203,1976,-2 %,Aktuel værdi
Niels Pedersensvej 267080 Børkop,rkop,825.000,16-07-2015,Alm. Salg,6.875,4,Sommerhus,120,2016,-36 %,Aktuel værdi
Brandtlundvej 1067080 Børkop,rkop,2.485.801,11-07-2015,Alm. Salg,9.451,10,Stuehus,263,1872,,
Høgevej 137080 Børkop,rkop,950.000,10-07-2015,Alm. Salg,8.260,4,Villa,115,1973,-21 %,Aktuel værdi
Mølleparken 137080 Børkop,rkop,3.380.000,07-07-2015,Alm. Salg,16.815,5,Villa,201,2005,-2 %,Aktuel værdi
Vandværksvej 347080 Børkop,rkop,1.695.000,07-07-2015,Alm. Salg,10.660,4,Villa,159,1940,0 %,Aktuel værdi
Marius Mikkelsensvej 17080 Børkop,rkop,875.000,05-07-2015,Alm. Salg,13.257,4,Sommerhus,66,1967,-7 %,Aktuel værdi
"Brejning Strand 1B, 27080 Børkop",rkop,4.250.000,02-07-2015,Alm. Salg,16.346,6,Lejlighed,260,1892,-11 %,Aktuel værdi
Vigen Skovvej 1057080 Børkop,rkop,220.000,02-07-2015,Auktion,4.782,2,Villa,46,1877,,Aktuel værdi
Sellerup Strandvej 137080 Børkop,rkop,410.000,02-07-2015,Alm. Salg,8.200,2,Sommerhus,50,1940,-31 %,Aktuel værdi
Dortheasvej 27080 Børkop,rkop,1.820.000,29-06-2015,Alm. Salg,11.030,5,Villa,165,1969,-9 %,Aktuel værdi
Munkevej 297080 Børkop,rkop,1.000.000,28-06-2015,Alm. Salg,6.451,5,Villa,155,1973,-8 %,Aktuel værdi
Fasanvej 37080 Børkop,rkop,1.100.000,26-06-2015,Alm. Salg,4.803,8,Villa,229,1969,-21 %,Aktuel værdi
Hvidbjergvej 907080 Børkop,rkop,550.000,23-06-2015,Alm. Salg,5.339,4,Sommerhus,103,2016,-4 %,Aktuel værdi
Becksvej 22A7080 Børkop,rkop,643.472,22-06-2015,Andet,9.062,3,Sommerhus,71,1986,,Aktuel værdi
Lærkevej 117080 Børkop,rkop,1.295.000,22-06-2015,Alm. Salg,9.250,5,Villa,140,1972,0 %,Aktuel værdi
Avlsgårdsvej 387080 Børkop,rkop,1.932.500,21-06-2015,Alm. Salg,16.104,4,Villa,120,2013,-2 %,Aktuel værdi
Olafsvej 37080 Børkop,rkop,1.130.000,20-06-2015,Alm. Salg,12.840,4,Villa,88,1976,-6 %,Aktuel værdi
"Jernbanegade 3, 17080 Børkop",rkop,2.450.000,19-06-2015,Alm. Salg,23.113,4,Anden beboelse,106,1957,,Aktuel værdi
S. Stubsvej 67080 Børkop,rkop,2.650.000,19-06-2015,Alm. Salg,16.257,6,Villa,163,2009,-4 %,Aktuel værdi
Krogbuskevej 127080 Børkop,rkop,2.300.000,19-06-2015,Alm. Salg,15.972,5,Villa,144,2009,-4 %,Aktuel værdi
Kragelundvænget 1157080 Børkop,rkop,2.850.000,08-06-2015,Alm. Salg,15.322,5,Villa,186,2007,-3 %,Aktuel værdi
Baldersvej 157080 Børkop,rkop,1.100.000,06-06-2015,Fam. Salg,11.224,3,Rækkehus,98,1979,,Aktuel værdi
Amaliegade 427080 Børkop,rkop,1.250.000,06-06-2015,Alm. Salg,10.964,6,Villa,114,1946,-13 %,Aktuel værdi
Munkfort 27080 Børkop,rkop,992.500,04-06-2015,Fam. Salg,6.616,5,Villa,150,2013,,Aktuel værdi
Bjerrevænget 237080 Børkop,rkop,1.600.000,03-06-2015,Alm. Salg,11.428,4,Villa,140,1980,-6 %,Aktuel værdi
Johs. Jensensvej 47080 Børkop,rkop,1.195.000,03-06-2015,Alm. Salg,19.590,4,Sommerhus,61,1960,0 %,Aktuel værdi
Mølleengen 1157080 Børkop,rkop,2.375.000,28-05-2015,Alm. Salg,15.422,4,Stuehus,154,1975,-5 %,
Sct. Jørgens Parken 107080 Børkop,rkop,2.500.000,28-05-2015,Alm. Salg,7.575,6,Villa,330,1977,-6 %,Aktuel værdi
Borggårdsparken 10B7080 Børkop,rkop,950.000,27-05-2015,Alm. Salg,11.309,3,Rækkehus,84,1988,-5 %,Aktuel værdi
Sellerup Strandvej 327080 Børkop,rkop,1.325.000,27-05-2015,Alm. Salg,9.330,6,Villa,142,1950,-14 %,Aktuel værdi
Lærkevej 507080 Børkop,rkop,1.564.000,22-05-2015,Alm. Salg,10.567,5,Villa,148,1973,-7 %,Aktuel værdi
Hvidbjerghusvej 5A7080 Børkop,rkop,4.325.000,18-05-2015,Alm. Salg,56.907,3,Sommerhus,76,1974,-14 %,Aktuel værdi
Vigen 67080 Børkop,rkop,1.150.000,15-05-2015,Alm. Salg,17.424,3,Sommerhus,66,1977,-11 %,Aktuel værdi
Marius Hansensvej 97080 Børkop,rkop,1.286.358,13-05-2015,Alm. Salg,25.727,3,Sommerhus,50,1940,,Aktuel værdi
Bjerrevænget 17080 Børkop,rkop,1.095.000,12-05-2015,Alm. Salg,8.051,5,Villa,136,1977,0 %,Aktuel værdi
Arnoldsvej 77080 Børkop,rkop,1.010.000,12-05-2015,Alm. Salg,8.080,4,Villa,125,1963,-8 %,Aktuel værdi
B. Berthelsensvej 377080 Børkop,rkop,550.000,12-05-2015,Alm. Salg,4.263,4,Villa,129,2015,,Aktuel værdi
Marius Hansensvej 197080 Børkop,rkop,1.730.000,07-05-2015,Alm. Salg,27.031,3,Sommerhus,64,1938,,Aktuel værdi
Hvidbjergvej 97B7080 Børkop,rkop,1.125.000,07-05-2015,Alm. Salg,16.071,4,Sommerhus,70,1996,-10 %,Aktuel værdi
M. Altersvej 157080 Børkop,rkop,1.140.370,07-05-2015,Alm. Salg,7.405,5,Villa,154,2008,,Aktuel værdi
"Brejning Strand 101, 1. TH7080 Børkop",rkop,1.395.000,05-05-2015,Alm. Salg,14.531,3,Lejlighed,96,1920,0 %,Aktuel værdi
Birkevang 177080 Børkop,rkop,1.325.000,28-04-2015,Alm. Salg,7.981,7,Villa,166,1965,-5 %,Aktuel værdi
Mølleengen 1177080 Børkop,rkop,2.560.000,27-04-2015,Alm. Salg,15.238,5,Villa,168,1900,-5 %,Aktuel værdi
Sct. Jørgens Parken 187080 Børkop,rkop,1.320.000,25-04-2015,Alm. Salg,10.076,5,Villa,131,1977,-15 %,Aktuel værdi
Jakobsvej 97080 Børkop,rkop,1.795.000,24-04-2015,Alm. Salg,9.598,6,Villa,187,1965,0 %,Aktuel værdi
Munkehegnet 87080 Børkop,rkop,1.000.000,24-04-2015,Alm. Salg,7.751,5,Villa,129,1972,-5 %,Aktuel værdi
Lavbolsvej 1017080 Børkop,rkop,675.000,22-04-2015,Alm. Salg,6.136,4,Villa,110,1827,-6 %,Aktuel værdi
Lundbjergvej 1007080 Børkop,rkop,1.750.000,22-04-2015,Alm. Salg,7.231,4,Villa,242,1936,-3 %,Aktuel værdi
Hagenvej 1047080 Børkop,rkop,50.000,20-04-2015,Alm. Salg,257,7,Villa,194,1920,,Aktuel værdi
Hagenvej 105A7080 Børkop,rkop,50.000,20-04-2015,Alm. Salg,241,9,Villa,207,1928,,Aktuel værdi
Hybenvej 187080 Børkop,rkop,1.626.000,16-04-2015,Alm. Salg,9.083,5,Villa,179,1989,-9 %,Aktuel værdi
Baldersvej 217080 Børkop,rkop,1.175.000,15-04-2015,Alm. Salg,11.750,3,Rækkehus,100,1979,-13 %,Aktuel værdi
Fjordvænget 327080 Børkop,rkop,3.400.000,10-04-2015,Alm. Salg,13.545,5,Villa,251,2005,-8 %,Aktuel værdi
Rønnevang 397080 Børkop,rkop,2.350.000,09-04-2015,Alm. Salg,13.505,6,Villa,174,1999,,Aktuel værdi
Tofte Alle 47080 Børkop,rkop,2.250.000,07-04-2015,Alm. Salg,12.784,6,Villa,176,2005,-6 %,Aktuel værdi
"Brejning Søndergade 44, 1. 67080 Børkop",rkop,580.000,04-04-2015,Alm. Salg,7.837,2,Lejlighed,74,1979,,Aktuel værdi
Hasselvang 947080 Børkop,rkop,2.350.000,02-04-2015,Alm. Salg,14.417,7,Villa,163,2010,-6 %,Aktuel værdi
Mads Madsens Vænge 717080 Børkop,rkop,670.000,01-04-2015,Alm. Salg,4.926,5,Sommerhus,136,2004,,Aktuel værdi
Kragelundvej 837080 Børkop,rkop,1.375.000,31-03-2015,Alm. Salg,13.613,4,Villa,101,2005,,Aktuel værdi
Kragelundvej 857080 Børkop,rkop,1.375.000,31-03-2015,Alm. Salg,13.613,4,Villa,101,2005,,Aktuel værdi
Kragelundvej 937080 Børkop,rkop,1.375.000,31-03-2015,Alm. Salg,13.613,4,Villa,101,2005,,Aktuel værdi
Kragelundvej 957080 Børkop,rkop,1.375.000,31-03-2015,Alm. Salg,13.613,4,Villa,101,2005,,Aktuel værdi
Kragelundvej 877080 Børkop,rkop,1.375.000,31-03-2015,Alm. Salg,13.613,4,Villa,101,2005,,Aktuel værdi
Kragelundvej 897080 Børkop,rkop,1.375.000,31-03-2015,Alm. Salg,13.613,4,Villa,101,2005,,Aktuel værdi
Kragelundvej 917080 Børkop,rkop,1.375.000,31-03-2015,Alm. Salg,13.613,4,Villa,101,2005,,Aktuel værdi
Kragelundvej 977080 Børkop,rkop,1.300.000,31-03-2015,Alm. Salg,12.871,4,Villa,101,2005,,Aktuel værdi
Knudsvej 117080 Børkop,rkop,1.050.000,30-03-2015,Alm. Salg,11.170,3,Villa,94,1977,0 %,Aktuel værdi
Munkfort 337080 Børkop,rkop,1.105.000,29-03-2015,Alm. Salg,6.616,4,Villa,167,1962,-8 %,Aktuel værdi
Bjørnsvej 167080 Børkop,rkop,825.000,26-03-2015,Alm. Salg,13.750,3,Sommerhus,60,1967,-6 %,Aktuel værdi
Vognkærvej 1037080 Børkop,rkop,1.600.000,25-03-2015,Alm. Salg,10.000,5,Stuehus,160,1900,-3 %,
Sct. Jørgens Parken 37080 Børkop,rkop,1.750.000,25-03-2015,Alm. Salg,11.824,6,Villa,148,1980,-3 %,Aktuel værdi
Hasselvang 867080 Børkop,rkop,2.575.000,24-03-2015,Alm. Salg,17.636,5,Villa,146,2009,-1 %,Aktuel værdi
Chr Kellersvej 197080 Børkop,rkop,700.000,20-03-2015,Fam. Salg,4.895,5,Villa,143,1922,,Aktuel værdi
Kragelundvænget 597080 Børkop,rkop,2.500.000,19-03-2015,Alm. Salg,15.151,4,Villa,165,2007,,Aktuel værdi
Elbækvej 457080 Børkop,rkop,2.050.000,11-03-2015,Alm. Salg,12.500,5,Villa,164,1973,,Aktuel værdi
Hybenvej 97080 Børkop,rkop,1.275.000,11-03-2015,Alm. Salg,8.443,4,Villa,151,1993,-9 %,Aktuel værdi
Solskinsvej 1067080 Børkop,rkop,241.650,11-03-2015,Fam. Salg,1.078,9,Villa,224,1930,,Aktuel værdi
S. Stubsvej 177080 Børkop,rkop,3.330.000,11-03-2015,Alm. Salg,15.067,6,Villa,221,2010,-7 %,Aktuel værdi
Brejning Søndergade 437080 Børkop,rkop,1.000.000,09-03-2015,Fam. Salg,7.462,5,Villa,134,1973,,Aktuel værdi
Lilholtparken 17080 Børkop,rkop,2.000.000,08-03-2015,Alm. Salg,12.903,5,Villa,155,1998,-7 %,Aktuel værdi
Overbyparken 517080 Børkop,rkop,2.350.000,06-03-2015,Alm. Salg,11.809,4,Villa,199,2000,-6 %,Aktuel værdi
Vognkærvej 1057080 Børkop,rkop,670.000,05-03-2015,Auktion,4.011,7,Villa,167,1922,-63 %,Aktuel værdi
B. Berthelsensvej 197080 Børkop,rkop,600.000,05-03-2015,Alm. Salg,3.370,5,Villa,178,2016,,Aktuel værdi
Sellerup Strandvej 697080 Børkop,rkop,1.100.000,01-03-2015,Alm. Salg,25.581,1,Sommerhus,43,1960,-8 %,Aktuel værdi
Solskinsvej 1077080 Børkop,rkop,140.000,27-02-2015,Fam. Salg,2.916,2,Sommerhus,48,1868,,Aktuel værdi
Gregersensvej 197080 Børkop,rkop,1.350.000,25-02-2015,Alm. Salg,21.428,4,Sommerhus,63,1966,-10 %,Aktuel værdi
Kragelundvænget 8A7080 Børkop,rkop,1.150.000,24-02-2015,Alm. Salg,11.386,3,Rækkehus,101,2006,-4 %,Aktuel værdi
Borggårdsparken 8A7080 Børkop,rkop,1.315.000,24-02-2015,Alm. Salg,10.436,4,Rækkehus,126,1988,-4 %,Aktuel værdi
Krogbuskevej 1267080 Børkop,rkop,440.000,19-02-2015,Auktion,5.057,4,Villa,87,1904,,Aktuel værdi
Ouskær 87080 Børkop,rkop,1.015.000,18-02-2015,Alm. Salg,8.319,4,Villa,122,1937,-3 %,Aktuel værdi
Solsortevej 77080 Børkop,rkop,1.000.000,18-02-2015,Alm. Salg,7.142,4,Villa,140,1973,-16 %,Aktuel værdi
"Chr Kellersvej 2D, 1. TV7080 Børkop",rkop,2.210.000,18-02-2015,Alm. Salg,14.166,5,Lejlighed,156,1899,-2 %,Aktuel værdi
Overbyparken 77080 Børkop,rkop,2.425.000,15-02-2015,Alm. Salg,16.609,4,Villa,146,1999,-1 %,Aktuel værdi
Bystedparken 197080 Børkop,rkop,1.922.500,14-02-2015,Alm. Salg,11.177,6,Villa,172,1999,-4 %,Aktuel værdi
Thorsmindevej 37080 Børkop,rkop,3.862.500,09-02-2015,Alm. Salg,15.701,8,Villa,246,1984,-3 %,Aktuel værdi
Stationsvej 597080 Børkop,rkop,1.350.000,05-02-2015,Alm. Salg,10.384,5,Villa,130,1929,-10 %,Aktuel værdi
Enghavevej 37080 Børkop,rkop,556.473,05-02-2015,Auktion,6.396,4,Villa,87,1964,,Aktuel værdi
Gårslev Østergade 107080 Børkop,rkop,825.000,04-02-2015,Alm. Salg,9.166,3,Villa,90,1971,-8 %,Aktuel værdi
Kastanjehaven 327080 Børkop,rkop,2.675.000,02-02-2015,Alm. Salg,16.411,5,Villa,163,2012,-1 %,Aktuel værdi
Nørrelyst 17080 Børkop,rkop,1.375.000,31-01-2015,Alm. Salg,7.857,6,Villa,175,1967,-13 %,Aktuel værdi
Mads Madsens Vænge 267080 Børkop,rkop,3.145.000,29-01-2015,Fam. Salg,22.625,4,Sommerhus,139,1998,,Aktuel værdi
Marsvej 17080 Børkop,rkop,1.200.000,28-01-2015,Alm. Salg,8.823,4,Villa,136,1974,-4 %,Aktuel værdi
Kirkebakken 177080 Børkop,rkop,940.000,23-01-2015,Alm. Salg,7.401,4,Villa,127,1959,-6 %,Aktuel værdi
Randsborgvej 247080 Børkop,rkop,1.984.000,12-01-2015,Fam. Salg,13.589,7,Sommerhus,146,2008,,Aktuel værdi
Gårslev Østergade 167080 Børkop,rkop,780.000,05-01-2015,Alm. Salg,6.724,3,Villa,116,1840,-12 %,Aktuel værdi
Fasanvej 137080 Børkop,rkop,1.275.000,23-12-2014,Alm. Salg,8.673,6,Villa,147,1968,-5 %,Aktuel værdi
Borgvold 47080 Børkop,rkop,775.000,22-12-2014,Alm. Salg,5.236,3,Villa,148,1977,-8 %,Aktuel værdi
Borggårdsparken 1187080 Børkop,rkop,1.565.000,20-12-2014,Alm. Salg,8.368,6,Villa,187,1980,-3 %,Aktuel værdi
Rødkløvervænget 77080 Børkop,rkop,950.000,17-12-2014,Alm. Salg,17.592,3,Sommerhus,54,1962,-5 %,Aktuel værdi
Søndermarksvej 1067080 Børkop,rkop,787.013,15-12-2014,Fam. Salg,5.962,4,Stuehus,132,1913,,
Egevej 27080 Børkop,rkop,782.000,13-12-2014,Fam. Salg,12.819,4,Sommerhus,61,1979,,Aktuel værdi
Vestergade 21A7080 Børkop,rkop,825.000,11-12-2014,Alm. Salg,9.821,3,Rækkehus,84,1992,-8 %,Aktuel værdi
Lavbolsvej 1087080 Børkop,rkop,1.600.000,11-12-2014,Alm. Salg,14.545,4,Sommerhus,110,2004,-11 %,Aktuel værdi
Dagmarsvej 297080 Børkop,rkop,1.815.000,11-12-2014,Alm. Salg,12.431,6,Villa,146,1996,-4 %,Aktuel værdi
Munkebo 77080 Børkop,rkop,888.120,09-12-2014,Fam. Salg,4.853,6,Villa,183,1973,,Aktuel værdi
Birkevang 117080 Børkop,rkop,850.000,04-12-2014,Alm. Salg,6.640,5,Villa,128,1965,-19 %,Aktuel værdi
Skovvej 97080 Børkop,rkop,400.000,03-12-2014,Alm. Salg,3.571,3,Villa,112,1962,-30 %,Aktuel værdi
Stationsvej 407080 Børkop,rkop,945.000,03-12-2014,Alm. Salg,8.008,4,Villa,118,1949,-5 %,Aktuel værdi
Kirstinesvej 67080 Børkop,rkop,1.745.000,01-12-2014,Alm. Salg,22.088,2,Sommerhus,79,2007,-8 %,Aktuel værdi
I. Verlingsvej 27080 Børkop,rkop,2.980.000,25-11-2014,Alm. Salg,16.108,5,Villa,185,2011,-7 %,Aktuel værdi
Poppelvang 247080 Børkop,rkop,1.540.000,21-11-2014,Alm. Salg,11.323,5,Villa,136,1972,-3 %,Aktuel værdi
Dr. Friesvej 177080 Børkop,rkop,1.125.000,20-11-2014,Alm. Salg,14.062,3,Villa,80,1952,-4 %,Aktuel værdi
Haraldsvej 67080 Børkop,rkop,1.725.000,20-11-2014,Alm. Salg,12.683,4,Villa,136,1973,-9 %,Aktuel værdi
Fuglebakken 207080 Børkop,rkop,1.050.000,09-11-2014,Alm. Salg,14.383,1,Sommerhus,73,1964,-18 %,Aktuel værdi
Vigen 407080 Børkop,rkop,696.000,07-11-2014,Fam. Salg,12.000,3,Sommerhus,58,1975,-53 %,Aktuel værdi
Merkurvej 117080 Børkop,rkop,1.158.000,07-11-2014,Alm. Salg,9.650,4,Villa,120,1970,-7 %,Aktuel værdi
Gregersensvej 157080 Børkop,rkop,498.667,04-11-2014,Fam. Salg,7.023,4,Sommerhus,71,2014,,Aktuel værdi
Poppelvej 37080 Børkop,rkop,1.665.000,31-10-2014,Alm. Salg,25.615,3,Sommerhus,65,2003,-7 %,Aktuel værdi
Højbovej 27080 Børkop,rkop,600.000,31-10-2014,Alm. Salg,3.636,4,Villa,165,1971,,Aktuel værdi
J.P. Skovsvej 17080 Børkop,rkop,845.277,29-10-2014,Fam. Salg,5.524,5,Villa,153,2009,,Aktuel værdi
Chr Kellersvej 97080 Børkop,rkop,650.000,28-10-2014,Alm. Salg,7.222,4,Villa,90,1900,-6 %,Aktuel værdi
Hvidbjergvej 647080 Børkop,rkop,1.025.000,27-10-2014,Fam. Salg,14.642,1,Sommerhus,70,1910,,Aktuel værdi
Thyrasvej 107080 Børkop,rkop,1.100.000,24-10-2014,Alm. Salg,7.857,4,Villa,140,1973,-8 %,Aktuel værdi
Bøgevang 157080 Børkop,rkop,1.350.000,23-10-2014,Alm. Salg,7.031,6,Villa,192,1964,-3 %,Aktuel værdi
Nyvej 15A7080 Børkop,rkop,600.000,21-10-2014,Andet,5.454,4,Villa,110,1967,-52 %,Aktuel værdi
Duevej 57080 Børkop,rkop,1.800.000,21-10-2014,Alm. Salg,27.692,3,Sommerhus,65,1979,-10 %,Aktuel værdi
S. Stubsvej 27080 Børkop,rkop,2.875.000,15-10-2014,Alm. Salg,14.024,7,Villa,205,2008,-4 %,Aktuel værdi
Jupitervej 87080 Børkop,rkop,1.250.000,14-10-2014,Alm. Salg,9.920,5,Villa,126,1974,-9 %,Aktuel værdi
Jupitervej 57080 Børkop,rkop,1.095.000,10-10-2014,Alm. Salg,9.125,4,Villa,120,1974,-8 %,Aktuel værdi
Dortheasvej 1B7080 Børkop,rkop,1.550.000,10-10-2014,Alm. Salg,10.839,5,Villa,143,1966,-7 %,Aktuel værdi
Bundsgaard 12B7080 Børkop,rkop,1.387.500,03-10-2014,Alm. Salg,12.278,4,Rækkehus,113,2006,,Aktuel værdi
Randsborgvej 57080 Børkop,rkop,780.000,02-10-2014,Fam. Salg,12.380,3,Sommerhus,63,1998,,Aktuel værdi
Dortheasvej 97080 Børkop,rkop,1.487.500,28-09-2014,Alm. Salg,10.701,8,Villa,139,1966,-7 %,Aktuel værdi
Helgesvej 37080 Børkop,rkop,790.000,26-09-2014,Andet,4.540,6,Villa,174,1973,-57 %,Aktuel værdi
Agernhaven 17080 Børkop,rkop,2.085.000,26-09-2014,Alm. Salg,13.717,5,Villa,152,2012,-5 %,Aktuel værdi
Hammervej 37080 Børkop,rkop,2.500.000,19-09-2014,Alm. Salg,11.574,7,Villa,216,1977,,Aktuel værdi
Udsigten 57080 Børkop,rkop,2.200.000,17-09-2014,Alm. Salg,9.523,5,Villa,231,1934,-15 %,Aktuel værdi
Gormsvej 97080 Børkop,rkop,1.280.000,14-09-2014,Alm. Salg,8.648,5,Villa,148,1973,-12 %,Aktuel værdi
Jakobsvej 87080 Børkop,rkop,900.000,14-09-2014,Alm. Salg,8.490,3,Villa,106,1966,-10 %,Aktuel værdi
Fælledvej 77080 Børkop,rkop,1.785.000,10-09-2014,Alm. Salg,22.884,4,Sommerhus,78,1936,,Aktuel værdi
Munkedalen 137080 Børkop,rkop,732.500,10-09-2014,Alm. Salg,3.014,5,Villa,243,1972,,Aktuel værdi
Dagmarsvej 27080 Børkop,rkop,1.865.000,08-09-2014,Alm. Salg,13.321,5,Villa,140,1994,-2 %,Aktuel værdi
Kirkegade 147080 Børkop,rkop,1.345.000,08-09-2014,Alm. Salg,9.889,5,Villa,136,1970,,Aktuel værdi
Niels Pedersensvej 67080 Børkop,rkop,1.450.000,01-09-2014,Alm. Salg,21.014,3,Sommerhus,69,1964,-9 %,Aktuel værdi
Toftevej 137080 Børkop,rkop,663.538,30-08-2014,Andet,-,5,Villa,196,1959,,Aktuel værdi
"H.O. Wildenskovsvej 26, 37080 Børkop",rkop,4.490.000,28-08-2014,Alm. Salg,-,4,Lejlighed,252,1900,,Aktuel værdi
Engdraget 87080 Børkop,rkop,1.527.000,28-08-2014,Alm. Salg,8.390,5,Villa,182,1967,-4 %,Aktuel værdi
Fjordparken 157080 Børkop,rkop,750.000,27-08-2014,Alm. Salg,15.306,3,Sommerhus,49,1976,,Aktuel værdi
Baldersvej 97080 Børkop,rkop,1.215.000,23-08-2014,Alm. Salg,12.397,3,Rækkehus,98,1978,-6 %,Aktuel værdi
Vigen 367080 Børkop,rkop,1.295.000,21-08-2014,Alm. Salg,17.266,3,Sommerhus,75,1997,0 %,Aktuel værdi
Høllvej 1107080 Børkop,rkop,3.325.000,20-08-2014,Alm. Salg,16.379,7,Villa,203,2003,-5 %,Aktuel værdi
Skovbyvej 847080 Børkop,rkop,870.000,19-08-2014,Fam. Salg,5.800,6,Villa,150,1850,,Aktuel værdi
Brejning Vestergade 127080 Børkop,rkop,1.207.819,19-08-2014,Fam. Salg,7.455,5,Villa,162,1950,,Aktuel værdi
Kragelundvænget 8E7080 Børkop,rkop,1.150.000,18-08-2014,Alm. Salg,11.386,3,Rækkehus,101,2006,-15 %,Aktuel værdi
Borgvold 147080 Børkop,rkop,1.360.000,18-08-2014,Alm. Salg,10.625,3,Villa,128,1976,-6 %,Aktuel værdi
Mørkholtvej 1017080 Børkop,rkop,2.975.000,13-08-2014,Alm. Salg,10.016,7,Stuehus,297,1897,-1 %,
Falkevej 27080 Børkop,rkop,825.000,12-08-2014,Alm. Salg,8.333,3,Villa,99,1973,-13 %,Aktuel værdi
Bystedvænget 277080 Børkop,rkop,1.200.000,09-08-2014,Alm. Salg,9.160,4,Villa,131,1972,-13 %,Aktuel værdi
Rønnevang 607080 Børkop,rkop,2.325.000,06-08-2014,Alm. Salg,11.984,5,Villa,194,2001,-2 %,Aktuel værdi
Solbakken 327080 Børkop,rkop,1.795.000,06-08-2014,Alm. Salg,24.256,3,Sommerhus,74,1969,-9 %,Aktuel værdi
Lærkevej 77080 Børkop,rkop,1.425.000,05-08-2014,Alm. Salg,9.500,5,Villa,150,1970,-5 %,Aktuel værdi
Skovbyvej 277080 Børkop,rkop,612.500,04-08-2014,Alm. Salg,4.438,4,Villa,138,1963,,Aktuel værdi
Tornvadshavevej 1117080 Børkop,rkop,250.000,30-07-2014,Alm. Salg,2.336,5,Villa,107,1867,,Aktuel værdi
Fjordparken 147080 Børkop,rkop,800.000,29-07-2014,Alm. Salg,9.638,4,Sommerhus,83,1976,-5 %,Aktuel værdi
Strandengen 27080 Børkop,rkop,1.375.000,28-07-2014,Alm. Salg,26.960,3,Sommerhus,51,2003,-8 %,Aktuel værdi
Elmevej 67080 Børkop,rkop,985.000,27-07-2014,Alm. Salg,6.354,6,Villa,155,1969,-1 %,Aktuel værdi
"Hørgyden 34A, ST7080 Børkop",rkop,1.400.000,11-07-2014,Alm. Salg,9.655,3,Rækkehus,145,1936,-7 %,Aktuel værdi
Børkop Skovvej 1067080 Børkop,rkop,850.000,10-07-2014,Alm. Salg,4.250,8,Stuehus,200,1880,,
Vandværksvej 317080 Børkop,rkop,1.828.000,08-07-2014,Alm. Salg,14.507,5,Villa,126,1957,-8 %,Aktuel værdi
Dr. Friesvej 107080 Børkop,rkop,442.794,08-07-2014,Fam. Salg,4.612,4,Villa,96,1962,,Aktuel værdi
Hvidbjergvej 887080 Børkop,rkop,575.000,07-07-2014,Alm. Salg,4.259,5,Sommerhus,135,2016,5 %,Aktuel værdi
Grønningen 47080 Børkop,rkop,935.000,04-07-2014,Fam. Salg,15.080,3,Sommerhus,62,2010,,Aktuel værdi
Munkedalen 37080 Børkop,rkop,1.100.000,03-07-2014,Alm. Salg,7.857,4,Villa,140,1971,-8 %,Aktuel værdi
Kastanjehaven 427080 Børkop,rkop,650.000,03-07-2014,Alm. Salg,3.869,5,Villa,168,2015,,Aktuel værdi
Stien 17080 Børkop,rkop,695.000,30-06-2014,Alm. Salg,3.262,5,Villa,213,1974,0 %,Aktuel værdi
Bjørnsvej 207080 Børkop,rkop,1.080.000,25-06-2014,Alm. Salg,12.857,3,Sommerhus,84,1970,-6 %,Aktuel værdi
Blåbærvej 77080 Børkop,rkop,1.300.000,25-06-2014,Alm. Salg,16.883,3,Sommerhus,77,1998,-7 %,Aktuel værdi
Bjørnsvej 27080 Børkop,rkop,680.000,24-06-2014,Alm. Salg,15.454,3,Sommerhus,44,1962,-2 %,Aktuel værdi
I. Verlingsvej 97080 Børkop,rkop,3.200.000,23-06-2014,Alm. Salg,12.167,6,Villa,263,2011,-2 %,Aktuel værdi
Bøgevang 167080 Børkop,rkop,1.000.000,19-06-2014,Alm. Salg,9.174,4,Villa,109,1965,-13 %,Aktuel værdi
Lien 1B7080 Børkop,rkop,790.000,18-06-2014,Alm. Salg,8.586,3,Villa,92,1965,-7 %,Aktuel værdi
Kragelundvænget 897080 Børkop,rkop,2.100.000,17-06-2014,Alm. Salg,14.583,4,Villa,144,2007,-4 %,Aktuel værdi
Kastanjehaven 347080 Børkop,rkop,600.000,17-06-2014,Alm. Salg,3.428,5,Villa,175,2016,-7 %,Aktuel værdi
Stationsvej 37080 Børkop,rkop,995.000,15-06-2014,Alm. Salg,7.896,3,Villa,126,1931,-7 %,Aktuel værdi
Solbakken 147080 Børkop,rkop,1.837.600,15-06-2014,Fam. Salg,22.139,4,Sommerhus,83,1971,,Aktuel værdi
Tornvadshavevej 1127080 Børkop,rkop,2.250.000,12-06-2014,Alm. Salg,12.162,6,Villa,185,1900,-6 %,Aktuel værdi
"Chr Kellersvej 2D, 1. TH7080 Børkop",rkop,1.855.000,12-06-2014,Alm. Salg,13.843,3,Lejlighed,134,1899,,Aktuel værdi
Randsalle 127080 Børkop,rkop,822.500,05-06-2014,Alm. Salg,14.954,3,Sommerhus,55,1935,-17 %,Aktuel værdi
Gårslev Østergade 257080 Børkop,rkop,1.430.000,04-06-2014,Alm. Salg,10.287,6,Villa,139,1911,-3 %,Aktuel værdi
Mads Madsens Vænge 697080 Børkop,rkop,2.785.000,29-05-2014,Alm. Salg,38.150,4,Sommerhus,73,1971,-7 %,Aktuel værdi
Bystedvænget 67080 Børkop,rkop,975.000,27-05-2014,Alm. Salg,7.330,4,Villa,133,1973,-7 %,Aktuel værdi
Bjerrevænget 27080 Børkop,rkop,1.435.000,26-05-2014,Alm. Salg,9.318,6,Villa,154,1978,-3 %,Aktuel værdi
Marius Mikkelsensvej 27080 Børkop,rkop,625.000,23-05-2014,Alm. Salg,4.699,5,Sommerhus,133,2016,0 %,Aktuel værdi
Elbækvej 547080 Børkop,rkop,725.000,20-05-2014,Alm. Salg,8.238,3,Rækkehus,88,1987,-27 %,Aktuel værdi
Bundsgaard 57080 Børkop,rkop,500.000,20-05-2014,Alm. Salg,2.487,6,Villa,201,2014,,Aktuel værdi
Frits Nielsensvej 77080 Børkop,rkop,680.000,15-05-2014,Alm. Salg,-,3,Sommerhus,110,1947,-24 %,Aktuel værdi
Roarsvej 187080 Børkop,rkop,1.014.299,14-05-2014,Andet,4.279,7,Villa,237,1984,,Aktuel værdi
Borggårdsparken 497080 Børkop,rkop,1.550.000,14-05-2014,Alm. Salg,10.197,4,Villa,152,1979,-6 %,Aktuel værdi
Hasselvang 177080 Børkop,rkop,290.000,12-05-2014,Fam. Salg,2.265,5,Villa,128,2015,,Aktuel værdi
Birkevang 24E7080 Børkop,rkop,403.700,11-05-2014,Alm. Salg,9.388,2,Rækkehus,43,1967,,Aktuel værdi
Sellerup Strandvej 477080 Børkop,rkop,1.270.000,09-05-2014,Alm. Salg,16.282,2,Sommerhus,78,1950,-2 %,Aktuel værdi
Lyngbakkevej 12A7080 Børkop,rkop,2.250.000,08-05-2014,Alm. Salg,10.714,8,Villa,210,1963,-13 %,Aktuel værdi
Rosenstien 87080 Børkop,rkop,205.000,02-05-2014,Alm. Salg,3.416,2,Sommerhus,60,1967,,Aktuel værdi
Mølletoften 37080 Børkop,rkop,1.000.000,30-04-2014,Alm. Salg,7.462,4,Villa,134,1975,-8 %,Aktuel værdi
Fjordvej 307080 Børkop,rkop,525.000,28-04-2014,Fam. Salg,7.954,4,Sommerhus,66,1985,,Aktuel værdi
Sellerup Strandvej 457080 Børkop,rkop,840.000,28-04-2014,Alm. Salg,15.272,3,Sommerhus,55,1948,,Aktuel værdi
Birkevang 24A7080 Børkop,rkop,380.000,25-04-2014,Alm. Salg,8.837,2,Rækkehus,43,1967,,Aktuel værdi
Stationsvej 797080 Børkop,rkop,557.000,24-04-2014,Auktion,2.901,7,Villa,192,1906,-55 %,Aktuel værdi
Sellerup Strandvej 307080 Børkop,rkop,1.100.000,24-04-2014,Alm. Salg,12.941,3,Villa,85,1927,,Aktuel værdi
Lodsvej 1047080 Børkop,rkop,1.550.000,22-04-2014,Alm. Salg,20.666,4,Sommerhus,75,2002,-6 %,Aktuel værdi
Enghavevej 197080 Børkop,rkop,1.520.000,22-04-2014,Alm. Salg,8.444,4,Villa,180,1966,-5 %,Aktuel værdi
Kragelundvænget 337080 Børkop,rkop,2.900.000,19-04-2014,Alm. Salg,16.201,5,Villa,179,2006,-3 %,Aktuel værdi
Dyrehaven 87080 Børkop,rkop,7.400.000,13-04-2014,Alm. Salg,27.715,7,Villa,267,2005,0 %,Aktuel værdi
Munkebakken 87080 Børkop,rkop,950.000,12-04-2014,Alm. Salg,7.916,4,Villa,120,1974,-13 %,Aktuel værdi
Båskærvej 197080 Børkop,rkop,1.093.750,10-04-2014,Alm. Salg,15.625,4,Sommerhus,70,2014,-12 %,Aktuel værdi
Kragholmvej 27080 Børkop,rkop,90.000,10-04-2014,Auktion,1.285,3,Villa,70,1827,,Aktuel værdi
Møllegade 1027080 Børkop,rkop,835.000,08-04-2014,Alm. Salg,11.928,2,Villa,70,1939,-2 %,Aktuel værdi
Baldersvej 57080 Børkop,rkop,1.225.000,04-04-2014,Alm. Salg,8.166,5,Villa,150,1972,-8 %,Aktuel værdi
B. Berthelsensvej 517080 Børkop,rkop,1.175.000,04-04-2014,Alm. Salg,6.491,6,Villa,181,2011,,Aktuel værdi
Agernhaven 247080 Børkop,rkop,685.000,03-04-2014,Alm. Salg,3.512,6,Villa,195,2014,,Aktuel værdi
Munkevej 217080 Børkop,rkop,1.010.000,01-04-2014,Fam. Salg,7.481,4,Villa,135,1966,2 %,Aktuel værdi
Andkær Mose 1207080 Børkop,rkop,1.480.000,01-04-2014,Alm. Salg,10.422,6,Villa,142,1877,-1 %,Aktuel værdi
Mølleparken 107080 Børkop,rkop,2.995.000,28-03-2014,Alm. Salg,21.546,2,Villa,139,2007,0 %,Aktuel værdi
H.O. Wildenskovsvej 12F7080 Børkop,rkop,1.200.000,28-03-2014,Alm. Salg,-,4,Dobbelthus,236,1963,,Aktuel værdi
Marius Mikkelsensvej 47080 Børkop,rkop,767.000,26-03-2014,Alm. Salg,6.286,5,Sommerhus,122,2015,14 %,Aktuel værdi
Fjordvej 367080 Børkop,rkop,2.350.000,25-03-2014,Alm. Salg,15.878,4,Sommerhus,148,2009,-13 %,Aktuel værdi
Jupitervej 107080 Børkop,rkop,1.395.000,25-03-2014,Alm. Salg,11.923,2,Villa,117,1973,0 %,Aktuel værdi
Olesvej 57080 Børkop,rkop,2.675.000,24-03-2014,Alm. Salg,40.530,3,Sommerhus,66,1949,-4 %,Aktuel værdi
Amaliegade 347080 Børkop,rkop,1.415.000,16-03-2014,Alm. Salg,10.639,4,Villa,133,1900,-2 %,Aktuel værdi
"Chr Kellersvej 6A, ST. TH7080 Børkop",rkop,1.050.000,14-03-2014,Alm. Salg,9.722,1,Lejlighed,108,1920,-12 %,Aktuel værdi
B. Berthelsensvej 397080 Børkop,rkop,595.000,12-03-2014,Alm. Salg,4.190,5,Villa,142,2014,,Aktuel værdi
Strandvej 27080 Børkop,rkop,1.675.000,11-03-2014,Alm. Salg,20.679,4,Sommerhus,81,1997,-6 %,Aktuel værdi
Syrenvej 1C7080 Børkop,rkop,1.150.000,11-03-2014,Alm. Salg,7.187,3,Villa,160,1973,,Aktuel værdi
B. Berthelsensvej 77080 Børkop,rkop,440.000,09-03-2014,Alm. Salg,2.972,6,Villa,148,2015,-82 %,Aktuel værdi
Marsvej 187080 Børkop,rkop,1.150.000,08-03-2014,Alm. Salg,7.876,5,Villa,146,1975,-4 %,Aktuel værdi
Munkfort 317080 Børkop,rkop,444.039,07-03-2014,Fam. Salg,3.552,5,Villa,125,1961,,Aktuel værdi
Borgvold 87080 Børkop,rkop,900.000,07-03-2014,Alm. Salg,7.758,5,Villa,116,1976,-10 %,Aktuel værdi
Tofte Alle 57080 Børkop,rkop,508.457,04-03-2014,Andet,3.345,5,Villa,152,1923,,Aktuel værdi
Kastanjehaven 387080 Børkop,rkop,585.000,28-02-2014,Alm. Salg,3.128,6,Villa,187,2015,,Aktuel værdi
Skovgårdsparken 637080 Børkop,rkop,1.635.000,27-02-2014,Alm. Salg,9.617,7,Villa,170,1980,-4 %,Aktuel værdi
Andkær Bygade 13B7080 Børkop,rkop,1.765.000,27-02-2014,Alm. Salg,12.789,3,Villa,138,2010,-6 %,Aktuel værdi
Tyttebærvej 57080 Børkop,rkop,875.000,26-02-2014,Alm. Salg,14.583,3,Sommerhus,60,1964,-10 %,Aktuel værdi
Avlsgårdsvej 367080 Børkop,rkop,2.045.000,26-02-2014,Alm. Salg,17.041,4,Villa,120,2014,9 %,Aktuel værdi
Overgaden 2H7080 Børkop,rkop,945.000,21-02-2014,Alm. Salg,10.384,3,Rækkehus,91,1996,-5 %,Aktuel værdi
Borggårdsparken 207080 Børkop,rkop,1.500.000,20-02-2014,Alm. Salg,11.363,4,Villa,132,1986,-3 %,Aktuel værdi
Vestergade 77080 Børkop,rkop,1.825.000,18-02-2014,Alm. Salg,11.624,7,Villa,157,1932,-4 %,Aktuel værdi
Stadsvej 1037080 Børkop,rkop,960.000,14-02-2014,Fam. Salg,3.750,8,Villa,256,1877,,Aktuel værdi
Stationsvej 367080 Børkop,rkop,700.000,13-02-2014,Andet,3.240,7,Villa,216,1935,,Aktuel værdi
Solitudevej 37080 Børkop,rkop,405.000,13-02-2014,Alm. Salg,5.625,3,Villa,72,1957,-24 %,Aktuel værdi
Hybenvej 147080 Børkop,rkop,2.050.000,10-02-2014,Alm. Salg,9.951,7,Villa,206,1972,-7 %,Aktuel værdi
B. Berthelsensvej 577080 Børkop,rkop,420.000,04-02-2014,Alm. Salg,2.709,6,Villa,155,2014,,Aktuel værdi
Mamrelund 37080 Børkop,rkop,2.205.000,03-02-2014,Alm. Salg,9.504,4,Villa,232,1928,-9 %,Aktuel værdi
Ryttergrøftsvejen 3297080 Børkop,rkop,1.750.000,29-01-2014,Fam. Salg,8.413,6,Stuehus,208,2005,,
Egevang 77080 Børkop,rkop,913.703,28-01-2014,Alm. Salg,6.480,4,Villa,141,1964,,Aktuel værdi
Kragelundvænget 647080 Børkop,rkop,3.125.000,27-01-2014,Alm. Salg,13.586,5,Villa,230,2005,,Aktuel værdi
Bøgevang 237080 Børkop,rkop,875.000,24-01-2014,Alm. Salg,8.333,4,Villa,105,1964,0 %,Aktuel værdi
Rødkløvervænget 57080 Børkop,rkop,875.000,23-01-2014,Alm. Salg,17.500,4,Sommerhus,50,1972,-12 %,Aktuel værdi
Hasselvang 627080 Børkop,rkop,3.448.000,16-01-2014,Alm. Salg,14.426,5,Villa,239,2007,-7 %,Aktuel værdi
Borggårdsparken 947080 Børkop,rkop,870.000,16-01-2014,Auktion,8.446,4,Villa,103,1986,-21 %,Aktuel værdi
Bundsgaard 17080 Børkop,rkop,368.000,14-01-2014,Alm. Salg,2.203,5,Villa,167,2014,,Aktuel værdi
V. Borgenvej 77080 Børkop,rkop,1.200.000,09-01-2014,Fam. Salg,20.338,4,Sommerhus,59,1991,,Aktuel værdi
Bundsgaard 37080 Børkop,rkop,500.000,09-01-2014,Alm. Salg,3.571,4,Villa,140,2015,,Aktuel værdi
Borgvold 27080 Børkop,rkop,1.075.000,07-01-2014,Alm. Salg,8.958,4,Villa,120,1976,-9 %,Aktuel værdi
Hasselvang 397080 Børkop,rkop,605.000,07-01-2014,Alm. Salg,3.903,4,Villa,155,2014,-3 %,Aktuel værdi
Amaliehaven 157080 Børkop,rkop,1.800.000,05-01-2014,Alm. Salg,14.516,3,Villa,124,2000,-5 %,Aktuel værdi
Kirstinesvej 157080 Børkop,rkop,1.550.000,30-12-2013,Alm. Salg,23.484,4,Sommerhus,66,1998,-6 %,Aktuel værdi
Granvej 17080 Børkop,rkop,1.475.000,23-12-2013,Alm. Salg,12.938,4,Villa,114,1909,-8 %,Aktuel værdi
Hybenvej 87080 Børkop,rkop,830.873,16-12-2013,Andet,5.730,4,Villa,145,1976,,Aktuel værdi
Vigen 227080 Børkop,rkop,1.450.000,15-12-2013,Alm. Salg,25.000,4,Sommerhus,58,1986,,Aktuel værdi
Borggårdsparken 377080 Børkop,rkop,1.400.000,13-12-2013,Alm. Salg,10.370,4,Villa,135,1979,-5 %,Aktuel værdi
Mamrelund 77080 Børkop,rkop,725.000,12-12-2013,Alm. Salg,8.238,3,Villa,88,1929,-15 %,Aktuel værdi
Niels Pedersensvej 27080 Børkop,rkop,2.050.608,12-12-2013,Auktion,16.146,6,Sommerhus,127,1979,,Aktuel værdi
Bystedparken 447080 Børkop,rkop,2.800.000,11-12-2013,Alm. Salg,13.861,5,Villa,202,2008,-7 %,Aktuel værdi
Møllegade 1B7080 Børkop,rkop,850.000,04-12-2013,Alm. Salg,5.448,5,Villa,156,1974,-22 %,Aktuel værdi
Brejning Strand 1A. MF7080 Børkop,rkop,2.445.000,02-12-2013,Alm. Salg,14.051,4,Rækkehus,174,2007,,Aktuel værdi
Hvidbjergvej 837080 Børkop,rkop,1.500.000,26-11-2013,Alm. Salg,19.480,4,Sommerhus,77,1924,-13 %,Aktuel værdi
Sommerstien 77080 Børkop,rkop,1.295.000,25-11-2013,Fam. Salg,24.903,3,Sommerhus,52,2008,,Aktuel værdi
Lundbjergvej 1097080 Børkop,rkop,240.500,22-11-2013,Alm. Salg,1.019,8,Stuehus,236,1876,,
Bundsgaard 117080 Børkop,rkop,392.001,14-11-2013,Alm. Salg,2.347,5,Villa,167,2014,,Aktuel værdi
Gregersensvej 67080 Børkop,rkop,825.000,07-11-2013,Alm. Salg,18.750,3,Sommerhus,44,1960,-11 %,Aktuel værdi
Kragelundvænget 1057080 Børkop,rkop,2.700.000,05-11-2013,Alm. Salg,16.167,4,Villa,167,2007,0 %,Aktuel værdi
I. Verlingsvej 37080 Børkop,rkop,2.650.000,05-11-2013,Alm. Salg,15.773,5,Villa,168,2011,-5 %,Aktuel værdi
"Brejning Strand 1C, ST. TH7080 Børkop",rkop,1.425.000,01-11-2013,Alm. Salg,10.795,3,Lejlighed,132,1892,,Aktuel værdi
Becksvej 207080 Børkop,rkop,870.200,28-10-2013,Fam. Salg,13.387,3,Sommerhus,65,1975,,Aktuel værdi
Hørgyden 237080 Børkop,rkop,1.500.000,25-10-2013,Alm. Salg,11.627,5,Villa,129,2016,,Aktuel værdi
Industrivej 127080 Børkop,rkop,1.175.000,25-10-2013,Alm. Salg,12.368,4,Villa,95,1969,-2 %,Aktuel værdi
Mamrelund 57080 Børkop,rkop,1.475.000,24-10-2013,Alm. Salg,13.409,3,Villa,110,1904,-16 %,Aktuel værdi
Borggårdsparken 867080 Børkop,rkop,1.150.000,24-10-2013,Alm. Salg,9.200,5,Villa,125,1979,-16 %,Aktuel værdi
Hvidbjergvej 1097080 Børkop,rkop,467.500,14-10-2013,Fam. Salg,8.060,3,Sommerhus,58,1970,,Aktuel værdi
Sellerup Strandvej 367080 Børkop,rkop,525.000,11-10-2013,Alm. Salg,10.714,2,Sommerhus,49,1945,-24 %,Aktuel værdi
Bundsgaard 107080 Børkop,rkop,2.250.000,10-10-2013,Alm. Salg,12.162,6,Villa,185,2006,-15 %,Aktuel værdi
Østergårdsvej 27080 Børkop,rkop,750.000,10-10-2013,Alm. Salg,5.859,4,Villa,128,1964,-6 %,Aktuel værdi
Sellerup Strandvej 837080 Børkop,rkop,1.200.000,02-10-2013,Alm. Salg,27.906,3,Sommerhus,43,1961,,Aktuel værdi
Lærkevej 567080 Børkop,rkop,1.525.000,30-09-2013,Alm. Salg,9.131,6,Villa,167,1980,-3 %,Aktuel værdi
Fasanvej 177080 Børkop,rkop,1.900.000,30-09-2013,Alm. Salg,10.857,7,Villa,175,1969,-13 %,Aktuel værdi
Lilholtparken 147080 Børkop,rkop,2.495.000,30-09-2013,Alm. Salg,15.306,3,Villa,163,1997,-4 %,Aktuel værdi
Firkløvervej 87080 Børkop,rkop,1.100.000,26-09-2013,Alm. Salg,21.568,2,Sommerhus,51,1964,-4 %,Aktuel værdi
Vandværksvej 337080 Børkop,rkop,1.330.000,24-09-2013,Alm. Salg,9.432,4,Villa,141,1958,-10 %,Aktuel værdi
Bøgevang 127080 Børkop,rkop,1.395.000,20-09-2013,Alm. Salg,7.227,6,Villa,193,1964,0 %,Aktuel værdi
Bundsgaard 317080 Børkop,rkop,490.000,18-09-2013,Alm. Salg,2.578,5,Villa,190,2014,,Aktuel værdi
Hjulgyden 87080 Børkop,rkop,1.650.000,16-09-2013,Alm. Salg,12.222,5,Villa,135,1992,-8 %,Aktuel værdi
Vigen 807080 Børkop,rkop,2.400.000,11-09-2013,Alm. Salg,50.000,3,Sommerhus,48,1935,,Aktuel værdi
Kastanjehaven 407080 Børkop,rkop,400.000,11-09-2013,Alm. Salg,2.380,5,Villa,168,2016,-6 %,Aktuel værdi
Overbyvej 117080 Børkop,rkop,1.500.000,06-09-2013,Alm. Salg,7.978,7,Villa,188,1920,-12 %,Aktuel værdi
Høllvej 87080 Børkop,rkop,1.500.000,05-09-2013,Alm. Salg,9.259,6,Stuehus,162,1927,,
Arnoldsvej 57080 Børkop,rkop,892.500,02-09-2013,Fam. Salg,6.562,4,Villa,136,1965,,Aktuel værdi
Baldersvej 37080 Børkop,rkop,1.665.000,27-08-2013,Alm. Salg,12.153,4,Villa,137,1973,0 %,Aktuel værdi
Sommerstien 207080 Børkop,rkop,1.350.000,23-08-2013,Alm. Salg,12.735,4,Sommerhus,106,1962,-10 %,Aktuel værdi
Poppelvang 137080 Børkop,rkop,1.187.500,23-08-2013,Alm. Salg,12.369,2,Villa,96,1969,-5 %,Aktuel værdi
Saltbækvej 1067080 Børkop,rkop,999.000,20-08-2013,Alm. Salg,11.752,4,Villa,85,1777,0 %,Aktuel værdi
Bundsgaard 297080 Børkop,rkop,500.000,16-08-2013,Alm. Salg,2.762,6,Villa,181,2014,,Aktuel værdi
"Chr Kellersvej 6C, 1. TV7080 Børkop",rkop,1.140.000,13-08-2013,Alm. Salg,9.827,1,Lejlighed,116,1920,-15 %,Aktuel værdi
Tyttebærvej 37080 Børkop,rkop,700.000,12-08-2013,Alm. Salg,15.909,4,Sommerhus,44,1961,-17 %,Aktuel værdi
Stadsvej 1127080 Børkop,rkop,5.000.000,10-08-2013,Alm. Salg,21.834,9,Villa,229,1867,72 %,Aktuel værdi
Nederbyvej 67080 Børkop,rkop,300.125,08-08-2013,Auktion,2.728,3,Villa,110,1961,,Aktuel værdi
Hvidbjergvej 1257080 Børkop,rkop,1.445.000,05-08-2013,Alm. Salg,18.062,2,Sommerhus,80,1963,-6 %,Aktuel værdi
Kirstinesvej 317080 Børkop,rkop,1.500.000,05-08-2013,Alm. Salg,19.480,4,Sommerhus,77,1977,-12 %,Aktuel værdi
M. Altersvej 107080 Børkop,rkop,2.850.000,03-08-2013,Alm. Salg,14.615,5,Villa,195,2009,-5 %,Aktuel værdi
Lykkevej 37080 Børkop,rkop,1.450.000,30-07-2013,Alm. Salg,20.422,3,Sommerhus,71,1965,-9 %,Aktuel værdi
Munkevænget 147080 Børkop,rkop,835.000,29-07-2013,Alm. Salg,7.389,4,Villa,113,1971,-1 %,Aktuel værdi
Bystedvænget 147080 Børkop,rkop,1.845.000,22-07-2013,Alm. Salg,9.365,5,Villa,197,1971,0 %,Aktuel værdi
H.O. Wildenskovsvej 16B7080 Børkop,rkop,1.150.000,22-07-2013,Alm. Salg,5.399,6,Villa,213,2014,,Aktuel værdi
Vestermarksvej 77080 Børkop,rkop,695.000,19-07-2013,Alm. Salg,5.791,4,Villa,120,1975,0 %,Aktuel værdi
Sellerup Strandvej 107080 Børkop,rkop,945.000,15-07-2013,Alm. Salg,20.106,3,Sommerhus,47,1951,,Aktuel værdi
Kæragervej 157080 Børkop,rkop,1.200.000,11-07-2013,Alm. Salg,6.896,6,Villa,174,1967,-14 %,Aktuel værdi
Skovgårdsparken 347080 Børkop,rkop,1.250.000,10-07-2013,Alm. Salg,10.593,4,Villa,118,1979,-3 %,Aktuel værdi
Bundsgaard 257080 Børkop,rkop,525.000,09-07-2013,Alm. Salg,2.822,6,Villa,186,2015,,Aktuel værdi
V. Borgenvej 10B7080 Børkop,rkop,2.475.000,05-07-2013,Alm. Salg,20.625,5,Sommerhus,120,2007,0 %,Aktuel værdi
Svendsgade 127080 Børkop,rkop,1.305.000,28-06-2013,Alm. Salg,9.812,6,Villa,133,1969,,Aktuel værdi
Niels Pedersensvej 217080 Børkop,rkop,700.000,28-06-2013,Fam. Salg,10.294,3,Sommerhus,68,2000,,Aktuel værdi
Skovgårdsparken 607080 Børkop,rkop,1.310.000,25-06-2013,Alm. Salg,9.703,4,Villa,135,1979,-1 %,Aktuel værdi
Bundsgaard 237080 Børkop,rkop,550.000,25-06-2013,Alm. Salg,2.820,5,Villa,195,2014,,Aktuel værdi
Nyboesgade 187080 Børkop,rkop,975.000,24-06-2013,Alm. Salg,6.724,3,Villa,145,1933,-7 %,Aktuel værdi
Søndervænget 17080 Børkop,rkop,895.000,24-06-2013,Alm. Salg,6.780,5,Villa,132,1972,0 %,Aktuel værdi
Hvidbjerghusvej 197080 Børkop,rkop,1.800.000,21-06-2013,Alm. Salg,23.076,4,Sommerhus,78,1937,-5 %,Aktuel værdi
Stationsvej 387080 Børkop,rkop,570.000,21-06-2013,Alm. Salg,4.071,5,Villa,140,1934,-28 %,Aktuel værdi
Vandværksvej 97080 Børkop,rkop,1.580.000,21-06-2013,Alm. Salg,9.132,9,Villa,173,1913,,Aktuel værdi
Bundsgaard 157080 Børkop,rkop,525.000,21-06-2013,Alm. Salg,3.365,5,Villa,156,2014,,Aktuel værdi
Kragelundvænget 257080 Børkop,rkop,1.256.407,19-06-2013,Fam. Salg,7.220,5,Villa,174,2007,-55 %,Aktuel værdi
Elbækvej 237080 Børkop,rkop,1.000.000,16-06-2013,Alm. Salg,8.333,4,Villa,120,1973,-9 %,Aktuel værdi
Ouskær 10B7080 Børkop,rkop,1.500.000,12-06-2013,Fam. Salg,8.196,7,Stuehus,183,1976,,
Sellerup Strandvej 347080 Børkop,rkop,1.250.000,11-06-2013,Alm. Salg,13.297,2,Villa,94,1987,-16 %,Aktuel værdi
Agernhaven 87080 Børkop,rkop,2.800.000,11-06-2013,Alm. Salg,14.358,5,Villa,195,2011,-7 %,Aktuel værdi
Mads Madsens Vænge 47080 Børkop,rkop,1.590.000,04-06-2013,Alm. Salg,36.976,3,Sommerhus,43,1964,-9 %,Aktuel værdi
Bundsgaard 97080 Børkop,rkop,526.170,31-05-2013,Alm. Salg,3.705,5,Villa,142,2014,,Aktuel værdi
Høgevej 127080 Børkop,rkop,1.950.000,29-05-2013,Alm. Salg,7.768,7,Villa,251,1976,-11 %,Aktuel værdi
Hasselvang 357080 Børkop,rkop,546.000,29-05-2013,Alm. Salg,2.676,6,Villa,204,2014,-5 %,Aktuel værdi
Kragelundvænget 167080 Børkop,rkop,1.050.000,27-05-2013,Alm. Salg,5.706,5,Villa,184,1946,-12 %,Aktuel værdi
Becksvej 47080 Børkop,rkop,690.000,25-05-2013,Alm. Salg,24.642,3,Sommerhus,28,1953,-14 %,Aktuel værdi
Becksvej 87080 Børkop,rkop,1.955.000,24-05-2013,Alm. Salg,24.437,3,Sommerhus,80,1996,,Aktuel værdi
Kastanjehaven 167080 Børkop,rkop,2.575.000,21-05-2013,Alm. Salg,15.993,5,Villa,161,2010,-4 %,Aktuel værdi
Mamrelund 197080 Børkop,rkop,4.200.000,16-05-2013,Alm. Salg,23.728,5,Villa,177,2007,-7 %,Aktuel værdi
Agernhaven 67080 Børkop,rkop,1.650.000,09-05-2013,Alm. Salg,11.785,4,Villa,140,2011,-8 %,Aktuel værdi
Bystedparken 627080 Børkop,rkop,1.575.000,08-05-2013,Alm. Salg,13.125,4,Villa,120,2007,-6 %,Aktuel værdi
Bundsgaard 177080 Børkop,rkop,550.000,06-05-2013,Alm. Salg,2.619,5,Villa,210,2014,,Aktuel værdi
Høllsmindevej 27080 Børkop,rkop,367.900,03-05-2013,Fam. Salg,8.555,4,Sommerhus,43,1961,,Aktuel værdi
Syrenvej 107080 Børkop,rkop,900.000,02-05-2013,Auktion,8.035,4,Villa,112,1967,,Aktuel værdi
Borggårdsparken 747080 Børkop,rkop,1.950.000,02-05-2013,Alm. Salg,11.403,6,Villa,171,1980,-11 %,Aktuel værdi
Mølletoften 507080 Børkop,rkop,1.550.000,29-04-2013,Alm. Salg,9.748,4,Villa,159,1977,-9 %,Aktuel værdi
Skovbyvej 717080 Børkop,rkop,2.130.000,29-04-2013,Alm. Salg,8.987,6,Villa,237,1847,-21 %,Aktuel værdi
Agernhaven 207080 Børkop,rkop,1.700.000,26-04-2013,Alm. Salg,8.947,5,Villa,190,2010,,Aktuel værdi
"Brejning Strand 101, 1. MF7080 Børkop",rkop,1.350.000,25-04-2013,Alm. Salg,10.546,3,Lejlighed,128,1920,-10 %,Aktuel værdi
Skovvænget 14B7080 Børkop,rkop,591.000,23-04-2013,Andet,4.925,5,Rækkehus,120,2004,,Aktuel værdi
Violvej 27080 Børkop,rkop,2.075.000,23-04-2013,Alm. Salg,31.439,3,Sommerhus,66,1955,-5 %,Aktuel værdi
Fuglebakken 197080 Børkop,rkop,1.680.000,23-04-2013,Fam. Salg,10.500,5,Sommerhus,160,1963,53 %,Aktuel værdi
"Chr Kellersvej 6A, ST. TV7080 Børkop",rkop,1.800.000,22-04-2013,Alm. Salg,13.533,2,Lejlighed,133,1920,-10 %,Aktuel værdi
Bjerrisgårdsvej 77080 Børkop,rkop,850.000,17-04-2013,Alm. Salg,13.492,3,Sommerhus,63,1962,-10 %,Aktuel værdi
S. Stubsvej 327080 Børkop,rkop,2.575.000,13-04-2013,Alm. Salg,15.895,5,Villa,162,2012,,Aktuel værdi
Hasselvang 197080 Børkop,rkop,565.000,12-04-2013,Alm. Salg,3.174,5,Villa,178,2016,,Aktuel værdi
Kragelundvænget 917080 Børkop,rkop,3.200.000,11-04-2013,Alm. Salg,16.842,5,Villa,190,2006,-3 %,Aktuel værdi
Villavej 67080 Børkop,rkop,750.000,08-04-2013,Alm. Salg,6.465,5,Villa,116,1936,-6 %,Aktuel værdi
Kastanjehaven 67080 Børkop,rkop,500.000,07-04-2013,Alm. Salg,2.777,5,Villa,180,2014,,Aktuel værdi
Anemonevej 187080 Børkop,rkop,711.350,04-04-2013,Fam. Salg,10.162,2,Sommerhus,70,1946,,Aktuel værdi
Bundsgaard 197080 Børkop,rkop,601.500,26-03-2013,Alm. Salg,3.645,5,Villa,165,2013,,Aktuel værdi
Hasselvang 567080 Børkop,rkop,1.100.000,26-03-2013,Alm. Salg,5.945,6,Villa,185,2010,,Aktuel værdi
Bundsgaard 77080 Børkop,rkop,535.000,25-03-2013,Alm. Salg,3.110,5,Villa,172,2016,,Aktuel værdi
Bundsgaard 217080 Børkop,rkop,673.345,21-03-2013,Alm. Salg,2.865,5,Villa,235,2013,,Aktuel værdi
Skovgårdsparken 807080 Børkop,rkop,1.475.000,20-03-2013,Alm. Salg,10.387,4,Villa,142,1980,-2 %,Aktuel værdi
Avlsgårdsvej 247080 Børkop,rkop,2.150.000,20-03-2013,Alm. Salg,17.916,3,Rækkehus,120,2013,,Aktuel værdi
B. Berthelsensvej 57080 Børkop,rkop,3.775.000,20-03-2013,Alm. Salg,15.995,6,Villa,236,2012,,Aktuel værdi
Birkevej 97080 Børkop,rkop,1.115.000,19-03-2013,Alm. Salg,19.561,3,Sommerhus,57,1930,-7 %,Aktuel værdi
B. Berthelsensvej 457080 Børkop,rkop,436.066,19-03-2013,Alm. Salg,2.066,6,Villa,211,2014,,Aktuel værdi
Olesvej 137080 Børkop,rkop,2.550.000,14-03-2013,Alm. Salg,31.875,5,Sommerhus,80,1949,-9 %,Aktuel værdi
Buen 77080 Børkop,rkop,1.040.000,13-03-2013,Alm. Salg,10.947,4,Villa,95,1967,-2 %,Aktuel værdi
Båskærvej 137080 Børkop,rkop,141.707,13-03-2013,Fam. Salg,1.647,3,Sommerhus,86,2013,,Aktuel værdi
Vigen 527080 Børkop,rkop,1.062.500,13-03-2013,Fam. Salg,13.281,4,Sommerhus,80,2001,,Aktuel værdi
Hvidbjergvej 7B7080 Børkop,rkop,5.100.000,12-03-2013,Fam. Salg,20.987,6,Villa,243,2012,,Aktuel værdi
Sellerup Strandvej 267080 Børkop,rkop,1.125.000,08-03-2013,Fam. Salg,17.307,3,Sommerhus,65,2008,,Aktuel værdi
Mølleparken 307080 Børkop,rkop,3.350.000,08-03-2013,Alm. Salg,17.179,6,Villa,195,2008,0 %,Aktuel værdi
Amaliegade 257080 Børkop,rkop,840.000,07-03-2013,Alm. Salg,7.304,4,Villa,115,1877,-6 %,Aktuel værdi
Amaliehaven 127080 Børkop,rkop,2.450.000,05-03-2013,Alm. Salg,15.705,5,Villa,156,2004,0 %,Aktuel værdi
Roarsvej 27080 Børkop,rkop,990.000,05-03-2013,Alm. Salg,10.102,3,Rækkehus,98,1977,-10 %,Aktuel værdi
Dyrehaven 107080 Børkop,rkop,7.900.000,03-03-2013,Alm. Salg,32.780,5,Villa,241,2007,-7 %,Aktuel værdi
Sct. Jørgens Parken 227080 Børkop,rkop,1.530.000,01-03-2013,Alm. Salg,12.439,4,Villa,123,1976,,Aktuel værdi
"Chr Kellersvej 2M, ST. TV7080 Børkop",rkop,800.000,28-02-2013,Alm. Salg,7.843,2,Lejlighed,102,1899,,Aktuel værdi
Lærkevej 367080 Børkop,rkop,1.750.000,26-02-2013,Alm. Salg,9.943,6,Villa,176,1973,-1 %,Aktuel værdi
Ågade 47080 Børkop,rkop,3.100.000,22-02-2013,Alm. Salg,10.064,9,Villa,308,1900,-9 %,Aktuel værdi
Stadsvej 47080 Børkop,rkop,600.000,21-02-2013,Alm. Salg,10.000,4,Sommerhus,60,1965,-14 %,Aktuel værdi
Hvidbjerghusvej 97080 Børkop,rkop,1.500.000,20-02-2013,Alm. Salg,35.714,3,Sommerhus,42,1946,-16 %,Aktuel værdi
Borggårdsparken 7B7080 Børkop,rkop,910.000,18-02-2013,Alm. Salg,10.705,3,Rækkehus,85,1983,-9 %,Aktuel værdi
Fuglebakken 327080 Børkop,rkop,800.000,16-02-2013,Alm. Salg,12.307,2,Sommerhus,65,1962,-11 %,Aktuel værdi
B. Berthelsensvej 157080 Børkop,rkop,507.581,14-02-2013,Alm. Salg,2.671,6,Villa,190,2014,-81 %,Aktuel værdi
"Vestergade 1B, ST. 1067080 Børkop",rkop,715.000,11-02-2013,Alm. Salg,6.559,2,Lejlighed,109,1921,,Aktuel værdi
"Vestergade 1B, 1. 2047080 Børkop",rkop,680.000,11-02-2013,Alm. Salg,5.762,3,Lejlighed,118,1921,,Aktuel værdi
"Vestergade 1B, 1. 2057080 Børkop",rkop,760.000,11-02-2013,Alm. Salg,7.037,2,Lejlighed,108,1921,,Aktuel værdi
"Vestergade 1B, 1. 2037080 Børkop",rkop,876.000,11-02-2013,Alm. Salg,6.537,3,Lejlighed,134,1921,,Aktuel værdi
"Vestergade 1B, 1. 2027080 Børkop",rkop,774.000,11-02-2013,Alm. Salg,6.450,2,Lejlighed,120,1921,,Aktuel værdi
Fjordvej 37080 Børkop,rkop,2.200.000,08-02-2013,Alm. Salg,21.359,4,Sommerhus,103,2008,-8 %,Aktuel værdi
Toftumvej 207080 Børkop,rkop,1.300.000,08-02-2013,Alm. Salg,10.000,4,Villa,130,1916,-5 %,Aktuel værdi
Hvidbjergvej 327080 Børkop,rkop,2.400.000,08-02-2013,Alm. Salg,16.326,6,Sommerhus,147,2011,-4 %,Aktuel værdi
Agernhaven 167080 Børkop,rkop,595.000,31-01-2013,Alm. Salg,3.541,5,Villa,168,2013,,Aktuel værdi
Mads Madsens Vænge 77080 Børkop,rkop,1.525.000,16-01-2013,Alm. Salg,16.052,4,Sommerhus,95,2014,-10 %,Aktuel værdi
Kragelundvænget 2L7080 Børkop,rkop,1.350.000,09-01-2013,Alm. Salg,13.366,3,Rækkehus,101,2007,,Aktuel værdi
Munkevænget 77080 Børkop,rkop,651.202,08-01-2013,Andet,3.764,5,Villa,173,1972,,Aktuel værdi
Gormsvej 107080 Børkop,rkop,1.695.000,08-01-2013,Alm. Salg,13.560,4,Villa,125,1973,0 %,Aktuel værdi
"Chr Kellersvej 2D, 3. TH7080 Børkop",rkop,6.500.000,28-12-2012,Alm. Salg,43.046,3,Lejlighed,151,1899,,Aktuel værdi
Munkevænget 97080 Børkop,rkop,1.550.000,27-12-2012,Alm. Salg,10.544,4,Villa,147,1972,-3 %,Aktuel værdi
Birkevang 22B7080 Børkop,rkop,350.000,22-12-2012,Alm. Salg,8.333,2,Rækkehus,42,1967,,Aktuel værdi
Sellerup Strandvej 377080 Børkop,rkop,680.000,20-12-2012,Fam. Salg,13.600,2,Sommerhus,50,1937,,Aktuel værdi
Vestermarksvej 17080 Børkop,rkop,650.000,19-12-2012,Fam. Salg,5.416,4,Villa,120,1973,,Aktuel værdi
Kirkebakken 77080 Børkop,rkop,742.500,17-12-2012,Alm. Salg,7.279,5,Villa,102,1953,,Aktuel værdi
Lærkevej 547080 Børkop,rkop,1.062.500,12-12-2012,Andet,9.004,4,Villa,118,1976,,Aktuel værdi
Toftevej 87080 Børkop,rkop,1.530.000,12-12-2012,Alm. Salg,9.107,7,Villa,168,1955,-4 %,Aktuel værdi
Larsens Plads 37080 Børkop,rkop,479.200,09-12-2012,Fam. Salg,10.648,2,Sommerhus,45,1944,,Aktuel værdi
Avlsgårdsvej 327080 Børkop,rkop,2.100.000,30-11-2012,Alm. Salg,17.500,4,Villa,120,2013,0 %,Aktuel værdi
Solbakken 97080 Børkop,rkop,2.300.000,28-11-2012,Alm. Salg,14.285,5,Sommerhus,161,1970,-21 %,Aktuel værdi
Skovgårdsparken 877080 Børkop,rkop,2.700.000,26-11-2012,Alm. Salg,15.254,6,Villa,177,1977,13 %,Aktuel værdi
Chr Kellersvej 57080 Børkop,rkop,2.650.000,26-11-2012,Alm. Salg,11.622,7,Villa,228,1900,0 %,Aktuel værdi
Damkærvej 67080 Børkop,rkop,575.000,22-11-2012,Alm. Salg,5.373,4,Villa,107,1966,,Aktuel værdi
B. Berthelsensvej 177080 Børkop,rkop,545.082,22-11-2012,Alm. Salg,3.323,5,Villa,164,2014,-79 %,Aktuel værdi
Mølletoften 367080 Børkop,rkop,1.300.000,19-11-2012,Fam. Salg,10.400,4,Villa,125,1968,,Aktuel værdi
Skovgårdsparken 787080 Børkop,rkop,1.887.000,15-11-2012,Alm. Salg,12.414,6,Villa,152,1978,-4 %,Aktuel værdi
Søndergade 227080 Børkop,rkop,1.000.000,12-11-2012,Alm. Salg,5.000,7,Villa,200,1928,-33 %,Aktuel værdi
Kæragervej 57080 Børkop,rkop,695.000,12-11-2012,Alm. Salg,6.950,4,Villa,100,1965,0 %,Aktuel værdi
Stationsvej 557080 Børkop,rkop,600.000,12-11-2012,Alm. Salg,7.317,2,Villa,82,1960,,Aktuel værdi
Kæragervej 47080 Børkop,rkop,1.325.000,08-11-2012,Alm. Salg,7.485,6,Villa,177,1964,-5 %,Aktuel værdi
Vigen 947080 Børkop,rkop,1.500.000,07-11-2012,Alm. Salg,18.750,4,Sommerhus,80,1979,-14 %,Aktuel værdi
Elmevej 97080 Børkop,rkop,1.035.000,07-11-2012,Alm. Salg,9.583,4,Villa,108,1967,-4 %,Aktuel værdi
Bjerrisgårdsvej 147080 Børkop,rkop,488.000,06-11-2012,Alm. Salg,8.872,3,Sommerhus,55,1973,,Aktuel værdi
Uranusvej 27080 Børkop,rkop,1.050.000,06-11-2012,Alm. Salg,8.898,4,Villa,118,1975,-8 %,Aktuel værdi
Sellerupvej 307080 Børkop,rkop,8.600.000,02-11-2012,Alm. Salg,30.069,6,Stuehus,286,1919,,
Hjortedalsvej 57080 Børkop,rkop,1.100.000,02-11-2012,Alm. Salg,15.492,3,Sommerhus,71,1960,-6 %,Aktuel værdi
Vognkærvej 106A7080 Børkop,rkop,750.000,01-11-2012,Fam. Salg,9.375,4,Sommerhus,80,1976,,Aktuel værdi
Kastanjehaven 187080 Børkop,rkop,425.000,01-11-2012,Alm. Salg,2.190,6,Villa,194,2013,,Aktuel værdi
Borgvold 537080 Børkop,rkop,510.264,30-10-2012,Fam. Salg,3.379,5,Villa,151,1977,,Aktuel værdi
Skikballevej 107080 Børkop,rkop,489.000,30-10-2012,Andet,1.307,7,Stuehus,374,1895,-86 %,
Kildevej 167080 Børkop,rkop,3.500.000,29-10-2012,Alm. Salg,46.666,3,Sommerhus,75,1996,,Aktuel værdi
Borggårdsparken 577080 Børkop,rkop,1.250.000,29-10-2012,Alm. Salg,9.191,5,Villa,136,1979,-3 %,Aktuel værdi
Ryttergrøftsvejen 330A7080 Børkop,rkop,1.675.000,27-10-2012,Alm. Salg,9.911,7,Villa,169,1900,-6 %,Aktuel værdi
Bystedparken 247080 Børkop,rkop,2.100.000,26-10-2012,Alm. Salg,12.804,4,Villa,164,2004,-2 %,Aktuel værdi
Industrivej 157080 Børkop,rkop,1.125.000,25-10-2012,Alm. Salg,9.375,4,Villa,120,1968,-2 %,Aktuel værdi
Kragelundvænget 4D7080 Børkop,rkop,1.350.000,24-10-2012,Alm. Salg,13.366,3,Rækkehus,101,2008,-9 %,Aktuel værdi
Møllegade 237080 Børkop,rkop,640.000,24-10-2012,Alm. Salg,7.111,2,Villa,90,1958,-17 %,Aktuel værdi
Lodsvej 1147080 Børkop,rkop,1.233.000,22-10-2012,Alm. Salg,19.265,3,Sommerhus,64,1953,,Aktuel værdi
Randsborgvej 137080 Børkop,rkop,1.000.000,22-10-2012,Alm. Salg,12.345,3,Sommerhus,81,1948,-20 %,Aktuel værdi
Niels Pedersensvej 45B7080 Børkop,rkop,3.100.000,17-10-2012,Alm. Salg,26.050,5,Sommerhus,119,1977,,Aktuel værdi
Gregersensvej 97080 Børkop,rkop,1.620.000,15-10-2012,Alm. Salg,18.202,3,Sommerhus,89,2007,-7 %,Aktuel værdi
Marsvej 137080 Børkop,rkop,1.200.000,12-10-2012,Alm. Salg,10.619,4,Villa,113,1973,-4 %,Aktuel værdi
Bjørnsvej 187080 Børkop,rkop,900.000,12-10-2012,Alm. Salg,10.112,5,Sommerhus,89,2013,-10 %,Aktuel værdi
Enghavevej 1317080 Børkop,rkop,600.995,08-10-2012,Alm. Salg,2.946,5,Villa,204,1973,,Aktuel værdi
Mads Madsens Vænge 677080 Børkop,rkop,1.572.500,05-10-2012,Fam. Salg,24.960,4,Sommerhus,63,1972,,Aktuel værdi
Dr. Friesvej 67080 Børkop,rkop,543.724,05-10-2012,Fam. Salg,4.182,5,Villa,130,1960,-58 %,Aktuel værdi
Bystedvænget 237080 Børkop,rkop,570.000,04-10-2012,Auktion,4.913,4,Villa,116,1973,,Aktuel værdi
Bystedvænget 187080 Børkop,rkop,1.125.000,28-09-2012,Alm. Salg,8.333,4,Villa,135,1973,-6 %,Aktuel værdi
Hasselvang 157080 Børkop,rkop,505.000,26-09-2012,Alm. Salg,2.790,5,Villa,181,2013,-9 %,Aktuel værdi
Skovbyvej 237080 Børkop,rkop,775.000,25-09-2012,Alm. Salg,5.575,5,Villa,139,1963,,Aktuel værdi
Kragelundvænget 457080 Børkop,rkop,4.000.000,24-09-2012,Alm. Salg,16.877,5,Villa,237,2006,,Aktuel værdi
Vinkelvej 57080 Børkop,rkop,1.000.000,20-09-2012,Alm. Salg,6.896,4,Villa,145,1900,,Aktuel værdi
Hvidbjergvej 7C7080 Børkop,rkop,4.550.000,19-09-2012,Alm. Salg,20.967,7,Villa,217,1917,-3 %,Aktuel værdi
Lærkevej 207080 Børkop,rkop,1.300.000,18-09-2012,Alm. Salg,10.077,4,Villa,129,1971,-2 %,Aktuel værdi
Solbakken 57080 Børkop,rkop,1.175.000,17-09-2012,Alm. Salg,18.076,3,Sommerhus,65,1969,,Aktuel værdi
Høllvej 57080 Børkop,rkop,600.000,16-09-2012,Alm. Salg,4.761,4,Villa,126,1951,,Aktuel værdi
Syrenvej 167080 Børkop,rkop,1.840.000,14-09-2012,Alm. Salg,10.000,7,Villa,184,1967,-2 %,Aktuel værdi
Hasselvang 307080 Børkop,rkop,507.000,13-09-2012,Alm. Salg,3.357,4,Villa,151,2013,-4 %,Aktuel værdi
Industrivej 407080 Børkop,rkop,500.000,13-09-2012,Auktion,3.816,3,Anden beboelse,131,1973,,Aktuel værdi
Hagenvej 1177080 Børkop,rkop,1.003.800,12-09-2012,Fam. Salg,18.939,5,Sommerhus,53,1962,,Aktuel værdi
Brejning Søndergade 417080 Børkop,rkop,1.460.000,11-09-2012,Alm. Salg,8.795,6,Villa,166,1975,-6 %,Aktuel værdi
Agernhaven 107080 Børkop,rkop,262.500,10-09-2012,Alm. Salg,1.704,5,Villa,154,2013,-50 %,Aktuel værdi
Fredericiavej 4407080 Børkop,rkop,885.000,07-09-2012,Alm. Salg,7.436,5,Villa,119,1970,-9 %,Aktuel værdi
Kragelundvænget 957080 Børkop,rkop,3.145.000,07-09-2012,Alm. Salg,18.284,4,Villa,172,2007,-4 %,Aktuel værdi
Borggårdsparken 6B7080 Børkop,rkop,1.270.000,06-09-2012,Alm. Salg,11.339,4,Rækkehus,112,1987,-2 %,Aktuel værdi
Herredsvej 1067080 Børkop,rkop,1.600.000,05-09-2012,Alm. Salg,10.191,7,Villa,157,1966,-16 %,Aktuel værdi
Gårslev Nørregade 47080 Børkop,rkop,426.971,04-09-2012,Fam. Salg,2.736,6,Villa,156,1964,,Aktuel værdi
Lilholtparken 217080 Børkop,rkop,2.300.000,30-08-2012,Alm. Salg,13.142,7,Villa,175,1997,-8 %,Aktuel værdi
Lundbjergvej 1027080 Børkop,rkop,2.384.308,28-08-2012,Alm. Salg,5.160,10,Stuehus,462,1905,,
Lærkevej 187080 Børkop,rkop,1.300.000,28-08-2012,Alm. Salg,8.441,5,Villa,154,1971,-7 %,Aktuel værdi
Rønnevang 497080 Børkop,rkop,1.755.000,27-08-2012,Alm. Salg,13.604,3,Villa,129,1998,-1 %,Aktuel værdi
B. Berthelsensvej 477080 Børkop,rkop,520.082,27-08-2012,Alm. Salg,3.467,6,Villa,150,2013,-19 %,Aktuel værdi
Nymarksvej 77080 Børkop,rkop,1.955.000,25-08-2012,Alm. Salg,14.481,4,Villa,135,1986,-2 %,Aktuel værdi
Brejning Søndergade 687080 Børkop,rkop,1.148.000,09-08-2012,Alm. Salg,9.258,4,Villa,124,1963,0 %,Aktuel værdi
Avlsgårdsvej 267080 Børkop,rkop,2.250.000,08-08-2012,Alm. Salg,15.845,4,Rækkehus,142,2013,,Aktuel værdi
S. Stubsvej 357080 Børkop,rkop,403.200,06-08-2012,Alm. Salg,2.167,5,Villa,186,2014,-82 %,Aktuel værdi
Lien 1A7080 Børkop,rkop,832.475,05-08-2012,Fam. Salg,6.259,2,Villa,133,1923,,Aktuel værdi
Svendsgade 27080 Børkop,rkop,750.000,01-08-2012,Alm. Salg,7.812,2,Villa,96,1962,-11 %,Aktuel værdi
B. Berthelsensvej 17080 Børkop,rkop,425.082,27-07-2012,Alm. Salg,2.191,6,Villa,194,2013,-19 %,Aktuel værdi
Bystedparken 107080 Børkop,rkop,1.775.000,26-07-2012,Alm. Salg,15.042,4,Villa,118,2005,-6 %,Aktuel værdi
Skovgårdsparken 567080 Børkop,rkop,2.050.000,20-07-2012,Alm. Salg,12.893,5,Villa,159,1979,-7 %,Aktuel værdi
B. Berthelsensvej 37080 Børkop,rkop,475.081,16-07-2012,Alm. Salg,2.021,9,Villa,235,2014,-17 %,Aktuel værdi
Skovbyvej 167080 Børkop,rkop,2.150.000,14-07-2012,Alm. Salg,11.375,6,Villa,189,2012,-20 %,Aktuel værdi
Industrivej 1017080 Børkop,rkop,1.775.000,12-07-2012,Alm. Salg,11.378,3,Villa,156,1877,,Aktuel værdi
Avlsgårdsvej 427080 Børkop,rkop,2.095.000,12-07-2012,Alm. Salg,14.858,4,Rækkehus,141,2013,0 %,Aktuel værdi
S. Stubsvej 487080 Børkop,rkop,300.000,11-07-2012,Alm. Salg,1.492,6,Villa,201,2013,-43 %,Aktuel værdi
Blåbærvej 197080 Børkop,rkop,850.000,11-07-2012,Alm. Salg,20.238,4,Sommerhus,42,1961,,Aktuel værdi
Syrenvej 97080 Børkop,rkop,714.390,11-07-2012,Andet,6.869,3,Villa,104,1967,-38 %,Aktuel værdi
Mølleparken 57080 Børkop,rkop,3.950.000,09-07-2012,Alm. Salg,20.466,6,Villa,193,2003,-6 %,Aktuel værdi
Mågevej 107080 Børkop,rkop,1.745.000,07-07-2012,Alm. Salg,10.575,5,Villa,165,1971,-3 %,Aktuel værdi
Munkehegnet 147080 Børkop,rkop,795.000,05-07-2012,Alm. Salg,5.230,4,Villa,152,1972,0 %,Aktuel værdi
Becksvej 187080 Børkop,rkop,3.600.000,05-07-2012,Alm. Salg,29.508,4,Sommerhus,122,2009,-10 %,Aktuel værdi
S. Stubsvej 97080 Børkop,rkop,319.200,05-07-2012,Alm. Salg,1.491,6,Villa,214,2013,-29 %,Aktuel værdi
Høllsmindevej 37080 Børkop,rkop,675.000,28-06-2012,Fam. Salg,10.384,4,Sommerhus,65,1923,,Aktuel værdi
Lærkevej 627080 Børkop,rkop,1.950.000,26-06-2012,Alm. Salg,14.552,5,Villa,134,1979,-5 %,Aktuel værdi
Tyttebærvej 97080 Børkop,rkop,1.240.000,24-06-2012,Alm. Salg,17.222,4,Sommerhus,72,1961,-4 %,Aktuel værdi
Mads Madsens Vænge 417080 Børkop,rkop,800.000,18-06-2012,Alm. Salg,12.698,3,Sommerhus,63,1965,-8 %,Aktuel værdi
Hvidbjerghusvej 177080 Børkop,rkop,1.020.000,15-06-2012,Fam. Salg,22.173,3,Sommerhus,46,1984,,Aktuel værdi
Pilealle 87080 Børkop,rkop,845.000,15-06-2012,Alm. Salg,12.803,4,Sommerhus,66,2013,-15 %,Aktuel værdi
Industrivej 147080 Børkop,rkop,1.225.000,15-06-2012,Alm. Salg,9.570,1,Villa,128,1965,-5 %,Aktuel værdi
Kastanjehaven 467080 Børkop,rkop,350.000,15-06-2012,Alm. Salg,1.912,6,Villa,183,2013,,Aktuel værdi
Damhusvej 1077080 Børkop,rkop,170.000,14-06-2012,Alm. Salg,1.062,7,Stuehus,160,1900,,
Bundsgaard 187080 Børkop,rkop,972.038,10-06-2012,Alm. Salg,6.353,5,Villa,153,2005,-59 %,Aktuel værdi
Skolegade 57080 Børkop,rkop,650.000,07-06-2012,Alm. Salg,6.842,5,Villa,95,1950,-12 %,Aktuel værdi
Bystedparken 497080 Børkop,rkop,1.500.000,07-06-2012,Fam. Salg,9.933,4,Villa,151,1997,,Aktuel værdi
Møllegade 37080 Børkop,rkop,675.000,05-06-2012,Alm. Salg,8.035,2,Villa,84,1906,-15 %,Aktuel værdi
B. Berthelsensvej 147080 Børkop,rkop,3.195.000,03-06-2012,Alm. Salg,14.457,6,Villa,221,2008,-2 %,Aktuel værdi
Peder Breths Vej 197080 Børkop,rkop,1.575.000,03-06-2012,Alm. Salg,8.948,5,Villa,176,1972,-3 %,Aktuel værdi
Fjordparken 197080 Børkop,rkop,1.912.500,30-05-2012,Alm. Salg,21.982,4,Sommerhus,87,2005,-4 %,Aktuel værdi
Solsortevej 107080 Børkop,rkop,1.575.000,30-05-2012,Alm. Salg,11.013,4,Villa,143,1974,0 %,Aktuel værdi
Lindevang 97080 Børkop,rkop,728.342,28-05-2012,Fam. Salg,3.660,8,Villa,199,1978,,Aktuel værdi
Munkevej 257080 Børkop,rkop,360.000,24-05-2012,Auktion,1.894,6,Villa,190,1967,,Aktuel værdi
Amaliehaven 227080 Børkop,rkop,1.355.869,23-05-2012,Andet,5.769,5,Villa,235,2003,,Aktuel værdi
Syrenvej 47080 Børkop,rkop,1.575.000,23-05-2012,Alm. Salg,13.695,4,Villa,115,1967,0 %,Aktuel værdi
Lundbjergvej 1077080 Børkop,rkop,325.000,22-05-2012,Fam. Salg,2.981,6,Villa,109,1955,,Aktuel værdi
Damsbo 97080 Børkop,rkop,762.286,21-05-2012,Alm. Salg,5.731,5,Villa,133,1978,,Aktuel værdi
Hasselvang 747080 Børkop,rkop,2.495.000,21-05-2012,Alm. Salg,15.030,5,Villa,166,2007,0 %,Aktuel værdi
B. Berthelsensvej 537080 Børkop,rkop,425.081,16-05-2012,Alm. Salg,2.083,5,Villa,204,2013,-19 %,Aktuel værdi
Kastanjehaven 367080 Børkop,rkop,425.000,15-05-2012,Alm. Salg,1.923,6,Villa,221,2015,,Aktuel værdi
B. Berthelsensvej 557080 Børkop,rkop,425.082,11-05-2012,Alm. Salg,2.576,6,Villa,165,2013,-19 %,Aktuel værdi
Vigen 307080 Børkop,rkop,940.000,03-05-2012,Fam. Salg,14.242,4,Sommerhus,66,1980,,Aktuel værdi
Søndermarksvej 1107080 Børkop,rkop,1.032.900,01-05-2012,Fam. Salg,3.002,11,Stuehus,344,1827,,
Skovbyvej 697080 Børkop,rkop,625.000,30-04-2012,Alm. Salg,4.629,5,Villa,135,1957,-7 %,Aktuel værdi
Hammervej 77080 Børkop,rkop,1.320.000,30-04-2012,Alm. Salg,9.041,4,Villa,146,1974,-2 %,Aktuel værdi
Avlsgårdsvej 407080 Børkop,rkop,2.250.000,24-04-2012,Alm. Salg,16.187,4,Rækkehus,139,2013,,Aktuel værdi
Skovbyvej 137080 Børkop,rkop,750.000,21-04-2012,Alm. Salg,7.425,4,Villa,101,1965,-6 %,Aktuel værdi
M. Altersvej 87080 Børkop,rkop,2.665.000,21-04-2012,Alm. Salg,15.228,5,Villa,175,2008,-6 %,Aktuel værdi
Klosterbakken 347080 Børkop,rkop,1.000.000,20-04-2012,Alm. Salg,8.928,4,Villa,112,1971,-13 %,Aktuel værdi
Kastanjehaven 307080 Børkop,rkop,465.000,13-04-2012,Alm. Salg,2.784,6,Villa,167,2013,,Aktuel værdi
Solbakken 67080 Børkop,rkop,1.534.000,04-04-2012,Alm. Salg,16.147,4,Sommerhus,95,1968,,Aktuel værdi
Kirstinesvej 127080 Børkop,rkop,1.947.500,03-04-2012,Alm. Salg,24.343,4,Sommerhus,80,1976,,Aktuel værdi
Rosenvej 67080 Børkop,rkop,1.375.000,31-03-2012,Alm. Salg,13.613,3,Villa,101,1966,-5 %,Aktuel værdi
Elmevej 27080 Børkop,rkop,1.450.000,29-03-2012,Alm. Salg,8.430,5,Villa,172,1973,-3 %,Aktuel værdi
Sellerup Vangvej 127080 Børkop,rkop,1.079.032,28-03-2012,Fam. Salg,15.414,3,Villa,70,1956,,Aktuel værdi
Blomsterengen 17080 Børkop,rkop,741.300,27-03-2012,Fam. Salg,14.255,3,Sommerhus,52,1947,,Aktuel værdi
Poppelvang 167080 Børkop,rkop,1.330.000,22-03-2012,Alm. Salg,13.168,4,Villa,101,1972,-8 %,Aktuel værdi
J.L. Varmingsvej 87080 Børkop,rkop,1.995.000,21-03-2012,Alm. Salg,16.625,4,Rækkehus,120,2010,5 %,Aktuel værdi
Olafsvej 127080 Børkop,rkop,1.795.000,18-03-2012,Alm. Salg,13.807,4,Villa,130,1974,0 %,Aktuel værdi
Niels Pedersensvej 177080 Børkop,rkop,2.295.000,14-03-2012,Alm. Salg,20.863,5,Sommerhus,110,2004,0 %,Aktuel værdi
Egevang 117080 Børkop,rkop,1.245.000,11-03-2012,Alm. Salg,12.450,3,Villa,100,1965,-4 %,Aktuel værdi
Hvidbjergvej 657080 Børkop,rkop,1.350.000,08-03-2012,Alm. Salg,16.265,5,Sommerhus,83,1980,-15 %,Aktuel værdi
Pytvej 67080 Børkop,rkop,1.525.000,06-03-2012,Alm. Salg,25.416,4,Sommerhus,60,1978,-4 %,Aktuel værdi
Fjordparken 87080 Børkop,rkop,700.000,02-03-2012,Alm. Salg,9.210,4,Sommerhus,76,1976,,Aktuel værdi
Industrivej 527080 Børkop,rkop,2.400.000,01-03-2012,Alm. Salg,17.518,6,Villa,137,1988,,Aktuel værdi
Fælledvej 17080 Børkop,rkop,2.000.000,28-02-2012,Alm. Salg,10.869,6,Villa,184,1925,-13 %,Aktuel værdi
Brejning Søndergade 707080 Børkop,rkop,760.000,27-02-2012,Alm. Salg,4.967,3,Villa,153,1963,-36 %,Aktuel værdi
Agernhaven 117080 Børkop,rkop,675.666,24-02-2012,Alm. Salg,3.264,5,Villa,207,2014,,Aktuel værdi
Høllvej 1247080 Børkop,rkop,1.020.000,21-02-2012,Fam. Salg,13.972,4,Sommerhus,73,1966,,Aktuel værdi
V. Borgenvej 10A7080 Børkop,rkop,2.550.000,20-02-2012,Alm. Salg,21.250,5,Sommerhus,120,2007,-12 %,Aktuel værdi
Mads Madsens Vænge 317080 Børkop,rkop,1.250.000,14-02-2012,Alm. Salg,18.939,3,Sommerhus,66,2006,-16 %,Aktuel værdi
Industrivej 367080 Børkop,rkop,2.340.000,14-02-2012,Alm. Salg,16.478,3,Villa,142,1988,,Aktuel værdi
Nebbe Møllevej 1027080 Børkop,rkop,800.000,13-02-2012,Alm. Salg,5.714,4,Villa,140,1932,-19 %,Aktuel værdi
Hvidbjergvej 397080 Børkop,rkop,1.000.000,11-02-2012,Alm. Salg,13.157,4,Sommerhus,76,1976,-9 %,Aktuel værdi
Bjerrisgårdsvej 57080 Børkop,rkop,790.000,10-02-2012,Fam. Salg,13.620,4,Sommerhus,58,1967,,Aktuel værdi
Kastanjehaven 287080 Børkop,rkop,425.000,03-02-2012,Alm. Salg,2.309,8,Villa,184,2012,,Aktuel værdi
Hvidbjergvej 427080 Børkop,rkop,1.460.000,31-01-2012,Alm. Salg,26.071,2,Sommerhus,56,1960,-2 %,Aktuel værdi
Brejning Søndergade 337080 Børkop,rkop,720.000,27-01-2012,Alm. Salg,7.058,3,Villa,102,1965,-20 %,Aktuel værdi
Fælleshåbsvej 127080 Børkop,rkop,101.997,23-01-2012,Andet,395,13,Stuehus,258,1874,,
Kirkegade 57080 Børkop,rkop,1.315.000,23-01-2012,Alm. Salg,8.945,7,Villa,147,1946,-12 %,Aktuel værdi
Hjulgyden 207080 Børkop,rkop,1.100.000,12-01-2012,Alm. Salg,7.801,4,Stuehus,141,1862,,
Pindvej 17080 Børkop,rkop,1.375.000,11-01-2012,Alm. Salg,12.731,3,Villa,108,1964,-8 %,Aktuel værdi
Lundbjergvej 1157080 Børkop,rkop,1.430.000,05-01-2012,Andet,5.909,10,Stuehus,242,1902,,
Fjordvej 107080 Børkop,rkop,1.460.000,04-01-2012,Alm. Salg,11.680,4,Villa,125,1961,-12 %,Aktuel værdi
Dagmarsvej 117080 Børkop,rkop,1.900.000,30-12-2011,Alm. Salg,10.982,5,Villa,173,1995,-13 %,Aktuel værdi
Kløvervænget 47080 Børkop,rkop,737.000,28-12-2011,Alm. Salg,15.680,3,Sommerhus,47,2007,,Aktuel værdi
Udsigten 87080 Børkop,rkop,1.088.800,21-12-2011,Fam. Salg,13.782,4,Sommerhus,79,1987,,Aktuel værdi
Hvidbjergvej 677080 Børkop,rkop,961.300,21-12-2011,Fam. Salg,12.324,4,Sommerhus,78,1980,,Aktuel værdi
Viggo Andersensvej 27080 Børkop,rkop,705.500,20-12-2011,Fam. Salg,12.377,4,Sommerhus,57,1967,,Aktuel værdi
Kastanjehaven 267080 Børkop,rkop,420.000,19-12-2011,Alm. Salg,2.176,7,Villa,193,2012,,Aktuel værdi
Marsvej 67080 Børkop,rkop,1.200.000,16-12-2011,Fam. Salg,10.169,5,Villa,118,1973,,Aktuel værdi
Brejning Søndergade 247080 Børkop,rkop,1.500.000,16-12-2011,Fam. Salg,9.375,6,Villa,160,1964,,Aktuel værdi
Dr. Friesvej 127080 Børkop,rkop,591.994,15-12-2011,Alm. Salg,3.421,5,Villa,173,1958,,Aktuel værdi
Johs. Jensensvej 127080 Børkop,rkop,680.000,14-12-2011,Alm. Salg,7.311,4,Sommerhus,93,2013,-3 %,Aktuel værdi
Fasanvej 147080 Børkop,rkop,1.000.000,08-12-2011,Alm. Salg,7.633,5,Villa,131,1971,-11 %,Aktuel værdi
Sellerup Skovvej 1227080 Børkop,rkop,2.031.500,08-12-2011,Andet,9.909,7,Villa,205,1909,,Aktuel værdi
Overbyparken 597080 Børkop,rkop,900.000,05-12-2011,Fam. Salg,6.428,5,Villa,140,1999,,Aktuel værdi
Kragelundvænget 147080 Børkop,rkop,975.000,04-12-2011,Alm. Salg,10.833,4,Villa,90,1965,-2 %,Aktuel værdi
Birkevang 147080 Børkop,rkop,1.500.000,03-12-2011,Alm. Salg,8.823,6,Villa,170,1965,-5 %,Aktuel værdi
Vigen 907080 Børkop,rkop,2.167.500,01-12-2011,Fam. Salg,26.759,2,Sommerhus,81,2008,,Aktuel værdi
Hvidkløvervej 87080 Børkop,rkop,2.825.000,27-11-2011,Alm. Salg,41.544,4,Sommerhus,68,1994,,Aktuel værdi
Mamrelund 67080 Børkop,rkop,2.600.000,25-11-2011,Alm. Salg,14.054,6,Villa,185,1985,-13 %,Aktuel værdi
Kastanjehaven 227080 Børkop,rkop,425.000,25-11-2011,Alm. Salg,2.724,5,Villa,156,2012,,Aktuel værdi
Kragelundvænget 277080 Børkop,rkop,2.365.000,23-11-2011,Alm. Salg,14.333,4,Villa,165,2006,-9 %,Aktuel værdi
Niels Pedersensvej 43B7080 Børkop,rkop,1.150.000,22-11-2011,Alm. Salg,7.371,2,Sommerhus,156,1966,,Aktuel værdi
Munkevænget 127080 Børkop,rkop,1.404.000,21-11-2011,Fam. Salg,6.470,5,Villa,217,1972,,Aktuel værdi
Johannevej 127080 Børkop,rkop,200.000,15-11-2011,Andet,2.409,4,Sommerhus,83,1967,,Aktuel værdi
J.L. Varmingsvej 167080 Børkop,rkop,2.070.000,15-11-2011,Alm. Salg,14.785,4,Rækkehus,140,2010,-6 %,Aktuel værdi
Overgaden 21A7080 Børkop,rkop,485.000,15-11-2011,Alm. Salg,-,3,Villa,101,1970,-16 %,Aktuel værdi
Randsborgvej 3B7080 Børkop,rkop,1.650.000,11-11-2011,Alm. Salg,21.710,4,Sommerhus,76,1983,-8 %,Aktuel værdi
J.L. Varmingsvej 157080 Børkop,rkop,2.799.000,07-11-2011,Andet,21.867,4,Rækkehus,128,2008,,Aktuel værdi
Sommerstien 347080 Børkop,rkop,1.475.000,05-11-2011,Alm. Salg,17.771,4,Sommerhus,83,2012,-12 %,Aktuel værdi
Kragelundvænget 417080 Børkop,rkop,2.730.000,31-10-2011,Alm. Salg,15.780,4,Villa,173,2008,,Aktuel værdi
Bystedparken 117080 Børkop,rkop,1.920.000,26-10-2011,Alm. Salg,12.000,4,Villa,160,1997,-4 %,Aktuel værdi
Fuglekærvej 1307080 Børkop,rkop,2.275.000,25-10-2011,Alm. Salg,11.489,5,Stuehus,198,1994,,
Firkløvervej 47080 Børkop,rkop,830.000,23-10-2011,Alm. Salg,17.291,3,Sommerhus,48,1960,-7 %,Aktuel værdi
Mads Madsens Vænge 577080 Børkop,rkop,1.500.000,20-10-2011,Auktion,18.750,3,Sommerhus,80,1996,,Aktuel værdi
Syrenvej 57080 Børkop,rkop,1.435.000,18-10-2011,Alm. Salg,11.958,3,Villa,120,1967,-4 %,Aktuel værdi
Rosenstien 97080 Børkop,rkop,2.400.000,17-10-2011,Alm. Salg,32.000,3,Sommerhus,75,1973,-25 %,Aktuel værdi
Gårslev Østergade 177080 Børkop,rkop,1.375.000,17-10-2011,Alm. Salg,10.416,4,Villa,132,1939,-8 %,Aktuel værdi
Violvej 57080 Børkop,rkop,1.550.000,16-10-2011,Alm. Salg,29.245,3,Sommerhus,53,1984,-22 %,Aktuel værdi
Bjørnsvej 87080 Børkop,rkop,1.400.000,11-10-2011,Alm. Salg,-,4,Sommerhus,75,1962,-6 %,Aktuel værdi
Amaliehaven 237080 Børkop,rkop,2.210.000,06-10-2011,Alm. Salg,15.034,4,Villa,147,2000,-2 %,Aktuel værdi
Agernhaven 57080 Børkop,rkop,360.000,06-10-2011,Alm. Salg,2.130,5,Villa,169,2012,,Aktuel værdi
Industrivej 20B7080 Børkop,rkop,1.450.000,04-10-2011,Alm. Salg,9.666,4,Villa,150,1975,,Aktuel værdi
Fredericiavej 4297080 Børkop,rkop,800.000,03-10-2011,Alm. Salg,4.790,7,Villa,167,1958,-20 %,Aktuel værdi
Industrivej 507080 Børkop,rkop,1.450.000,01-10-2011,Alm. Salg,14.500,4,Villa,100,1986,-9 %,Aktuel værdi
S. Stubsvej 297080 Børkop,rkop,521.668,30-09-2011,Alm. Salg,3.280,6,Villa,159,2012,-74 %,Aktuel værdi
Niels Pedersensvej 35A7080 Børkop,rkop,3.095.000,29-09-2011,Alm. Salg,36.845,3,Villa,84,1965,-3 %,Aktuel værdi
Sellerup Strandvej 547080 Børkop,rkop,1.699.000,22-09-2011,Andet,26.546,1,Sommerhus,64,1999,,Aktuel værdi
Damkærvej 1027080 Børkop,rkop,2.500.000,19-09-2011,Alm. Salg,10.204,8,Villa,245,1906,-17 %,Aktuel værdi
Granvej 87080 Børkop,rkop,900.000,18-09-2011,Fam. Salg,11.842,4,Sommerhus,76,1932,,Aktuel værdi
Pilealle 37080 Børkop,rkop,748.800,14-09-2011,Fam. Salg,14.976,3,Sommerhus,50,1940,,Aktuel værdi
Kirkegade 37080 Børkop,rkop,800.000,14-09-2011,Alm. Salg,7.766,4,Villa,103,1981,,Aktuel værdi
Enebærvej 117080 Børkop,rkop,625.000,12-09-2011,Alm. Salg,17.857,4,Sommerhus,35,1969,-7 %,Aktuel værdi
Bjerrevænget 257080 Børkop,rkop,1.800.000,11-09-2011,Alm. Salg,9.473,8,Villa,190,1978,-5 %,Aktuel værdi
B. Berthelsensvej 387080 Børkop,rkop,2.845.000,08-09-2011,Alm. Salg,14.441,7,Villa,197,2009,,Aktuel værdi
Hasseltoften 137080 Børkop,rkop,1.200.000,07-09-2011,Alm. Salg,19.047,4,Sommerhus,63,1984,-13 %,Aktuel værdi
Fuglekærvej 1347080 Børkop,rkop,1.800.000,05-09-2011,Fam. Salg,5.714,7,Villa,315,1852,-55 %,Aktuel værdi
Avlsgårdsvej 67080 Børkop,rkop,681.000,31-08-2011,Alm. Salg,4.864,5,Villa,140,2012,,Aktuel værdi
Sellerup Strandvej 97080 Børkop,rkop,705.500,30-08-2011,Alm. Salg,17.637,3,Sommerhus,40,1946,,Aktuel værdi
Skovvænget 16A7080 Børkop,rkop,1.375.000,29-08-2011,Alm. Salg,14.945,4,Rækkehus,92,2004,-8 %,Aktuel værdi
Båskærvej 207080 Børkop,rkop,2.337.500,24-08-2011,Fam. Salg,25.972,6,Sommerhus,90,1917,,Aktuel værdi
Kragelundvænget 237080 Børkop,rkop,3.100.000,24-08-2011,Alm. Salg,15.656,5,Villa,198,2009,,Aktuel værdi
Sellerup Strandvej 337080 Børkop,rkop,350.000,21-08-2011,Alm. Salg,8.333,3,Sommerhus,42,1949,,Aktuel værdi
Svendsgade 137080 Børkop,rkop,1.050.000,16-08-2011,Alm. Salg,9.210,5,Villa,114,1965,,Aktuel værdi
Randsalle 77080 Børkop,rkop,912.000,16-08-2011,Fam. Salg,14.950,3,Sommerhus,61,1935,,Aktuel værdi
"Chr Kellersvej 2M, ST. TH7080 Børkop",rkop,900.000,15-08-2011,Fam. Salg,10.112,2,Lejlighed,89,1899,,Aktuel værdi
Damsbo 57080 Børkop,rkop,1.190.000,15-08-2011,Alm. Salg,9.596,4,Villa,124,1977,-8 %,Aktuel værdi
Hasseltoften 57080 Børkop,rkop,1.460.000,12-08-2011,Alm. Salg,20.000,4,Sommerhus,73,1972,-2 %,Aktuel værdi
Mølleparken 17080 Børkop,rkop,2.175.000,11-08-2011,Alm. Salg,13.853,5,Villa,157,2006,-4 %,Aktuel værdi
Larsens Plads 47080 Børkop,rkop,950.000,10-08-2011,Alm. Salg,21.111,3,Sommerhus,45,1977,-13 %,Aktuel værdi
S. Stubsvej 147080 Børkop,rkop,840.000,09-08-2011,Alm. Salg,5.185,5,Villa,162,2015,-5 %,Aktuel værdi
Bystedparken 797080 Børkop,rkop,2.625.000,02-08-2011,Alm. Salg,16.719,5,Villa,157,2006,-5 %,Aktuel værdi
Andkær Bygade 357080 Børkop,rkop,975.000,30-07-2011,Alm. Salg,6.964,5,Villa,140,1967,-11 %,Aktuel værdi
S. Stubsvej 377080 Børkop,rkop,560.000,27-07-2011,Alm. Salg,3.294,6,Villa,170,2012,0 %,Aktuel værdi
Egevang 207080 Børkop,rkop,800.000,26-07-2011,Fam. Salg,5.970,4,Villa,134,1965,,Aktuel værdi
Vestergade 21B7080 Børkop,rkop,980.000,23-07-2011,Alm. Salg,11.807,3,Rækkehus,83,1992,-11 %,Aktuel værdi
Mølle Skovvej 1107080 Børkop,rkop,1.350.000,19-07-2011,Alm. Salg,7.584,7,Villa,178,1907,-10 %,Aktuel værdi
Fjordvænget 267080 Børkop,rkop,3.145.000,18-07-2011,Alm. Salg,21.689,5,Villa,145,2003,-10 %,Aktuel værdi
Mads Madsens Vænge 397080 Børkop,rkop,550.000,15-07-2011,Fam. Salg,8.730,4,Sommerhus,63,1969,,Aktuel værdi
Bjerrisgårdsvej 87080 Børkop,rkop,920.000,13-07-2011,Alm. Salg,13.333,3,Sommerhus,69,1962,-7 %,Aktuel værdi
Solbakken 137080 Børkop,rkop,1.620.000,11-07-2011,Alm. Salg,24.545,3,Sommerhus,66,1968,,Aktuel værdi
Hjulgyden 127080 Børkop,rkop,1.900.000,09-07-2011,Alm. Salg,11.377,5,Villa,167,1947,-5 %,Aktuel værdi
Frits Nielsensvej 87080 Børkop,rkop,807.500,03-07-2011,Fam. Salg,6.785,4,Sommerhus,119,1965,,Aktuel værdi
Nyvej 87080 Børkop,rkop,1.425.000,01-07-2011,Alm. Salg,13.073,4,Villa,109,1925,-8 %,Aktuel værdi
Enghavegårdsvej 257080 Børkop,rkop,275.000,30-06-2011,Auktion,1.740,4,Villa,158,2013,,Aktuel værdi
Gyvelvej 27080 Børkop,rkop,1.000.000,27-06-2011,Alm. Salg,18.518,4,Sommerhus,54,1983,,Aktuel værdi
Marsvej 57080 Børkop,rkop,1.415.000,26-06-2011,Alm. Salg,10.719,4,Villa,132,1976,-8 %,Aktuel værdi
Brandtlundvej 1077080 Børkop,rkop,140.000,24-06-2011,Alm. Salg,388,9,Stuehus,360,1877,,
Avlsgårdsvej 487080 Børkop,rkop,2.210.000,22-06-2011,Alm. Salg,15.563,4,Rækkehus,142,2012,,Aktuel værdi
Ved Hegnet 187080 Børkop,rkop,1.800.000,21-06-2011,Alm. Salg,38.297,3,Sommerhus,47,1947,,Aktuel værdi
Skolegade 87080 Børkop,rkop,800.000,17-06-2011,Alm. Salg,4.419,5,Villa,181,1902,-20 %,Aktuel værdi
Kragelundvænget 437080 Børkop,rkop,2.450.000,16-06-2011,Alm. Salg,12.894,6,Villa,190,2007,-12 %,Aktuel værdi
Solbakken 27080 Børkop,rkop,850.000,13-06-2011,Alm. Salg,5.000,7,Sommerhus,170,2014,,Aktuel værdi
Gormsvej 37080 Børkop,rkop,1.285.000,11-06-2011,Alm. Salg,11.271,4,Villa,114,1973,0 %,Aktuel værdi
Hasselvang 527080 Børkop,rkop,2.250.000,10-06-2011,Alm. Salg,14.331,6,Villa,157,2007,-2 %,Aktuel værdi
Hørgyden 267080 Børkop,rkop,860.000,09-06-2011,Auktion,6.370,5,Villa,135,1956,-34 %,Aktuel værdi
Gormsvej 137080 Børkop,rkop,1.625.000,01-06-2011,Alm. Salg,11.861,4,Villa,137,1973,-3 %,Aktuel værdi
Skovbyvej 467080 Børkop,rkop,895.000,27-05-2011,Alm. Salg,7.850,4,Villa,114,1940,0 %,Aktuel værdi
Roarsvej 57080 Børkop,rkop,1.425.000,24-05-2011,Alm. Salg,11.309,4,Villa,126,1985,-10 %,Aktuel værdi
Amaliehaven 297080 Børkop,rkop,2.150.000,23-05-2011,Alm. Salg,14.625,5,Villa,147,2002,0 %,Aktuel værdi
Mølletoften 277080 Børkop,rkop,1.350.000,23-05-2011,Alm. Salg,8.544,4,Villa,158,1973,-10 %,Aktuel værdi
Duevej 17A7080 Børkop,rkop,3.050.000,23-05-2011,Alm. Salg,24.400,5,Sommerhus,125,1877,2 %,Aktuel værdi
Marsvej 227080 Børkop,rkop,1.680.000,19-05-2011,Alm. Salg,10.059,6,Villa,167,1973,-5 %,Aktuel værdi
S. Stubsvej 527080 Børkop,rkop,600.010,17-05-2011,Alm. Salg,2.564,6,Villa,234,2014,,Aktuel værdi
Borggårdsparken 3B7080 Børkop,rkop,975.000,16-05-2011,Alm. Salg,11.470,3,Rækkehus,85,1986,-11 %,Aktuel værdi
Stationsvej 257080 Børkop,rkop,1.520.000,12-05-2011,Alm. Salg,9.212,5,Villa,165,1935,-10 %,Aktuel værdi
Lodsvej 1377080 Børkop,rkop,2.625.000,11-05-2011,Alm. Salg,21.341,2,Villa,123,1952,-12 %,Aktuel værdi
Borggårdsparken 1167080 Børkop,rkop,1.800.000,07-05-2011,Alm. Salg,11.042,5,Villa,163,1979,-5 %,Aktuel værdi
Borggårdsparken 1107080 Børkop,rkop,1.874.000,06-05-2011,Alm. Salg,11.860,5,Villa,158,1979,-1 %,Aktuel værdi
Jupitervej 97080 Børkop,rkop,1.250.000,04-05-2011,Alm. Salg,11.261,4,Villa,111,1974,-2 %,Aktuel værdi
Avlsgårdsvej 87080 Børkop,rkop,695.000,02-05-2011,Alm. Salg,2.895,6,Villa,240,2013,,Aktuel værdi
Sellerupvej 417080 Børkop,rkop,1.382.014,01-05-2011,Alm. Salg,8.081,5,Villa,171,1857,,Aktuel værdi
Granvej 37080 Børkop,rkop,1.300.000,01-05-2011,Alm. Salg,18.055,4,Sommerhus,72,1938,-6 %,Aktuel værdi
Duevej 297080 Børkop,rkop,1.965.000,27-04-2011,Alm. Salg,30.703,4,Sommerhus,64,1942,-1 %,Aktuel værdi
Brejning Vestergade 97080 Børkop,rkop,1.525.000,20-04-2011,Alm. Salg,11.380,3,Villa,134,1959,-1 %,Aktuel værdi
Munkevænget 57080 Børkop,rkop,674.379,14-04-2011,Alm. Salg,3.853,4,Villa,175,1972,,Aktuel værdi
S. Stubsvej 467080 Børkop,rkop,2.700.000,07-04-2011,Alm. Salg,15.517,6,Villa,174,2010,-10 %,Aktuel værdi
Enghavevej 1277080 Børkop,rkop,1.289.000,05-04-2011,Alm. Salg,10.395,4,Villa,124,1964,0 %,Aktuel værdi
Fjordvej 347080 Børkop,rkop,168.500,01-04-2011,Fam. Salg,2.632,4,Sommerhus,64,1958,,Aktuel værdi
Kragelundvænget 497080 Børkop,rkop,1.850.000,26-03-2011,Alm. Salg,14.453,3,Villa,128,2007,-7 %,Aktuel værdi
Borggårdsparken 227080 Børkop,rkop,1.745.000,25-03-2011,Alm. Salg,10.906,6,Villa,160,1986,-3 %,Aktuel værdi
Hvidbjergvej 317080 Børkop,rkop,729.300,23-03-2011,Fam. Salg,9.350,3,Sommerhus,78,1973,,Aktuel værdi
Bystedparken 697080 Børkop,rkop,1.575.000,22-03-2011,Alm. Salg,12.500,3,Villa,126,2010,-1 %,Aktuel værdi
Tværvej 47080 Børkop,rkop,1.265.000,22-03-2011,Alm. Salg,25.300,2,Sommerhus,50,1939,-6 %,Aktuel værdi
Toftevej 77080 Børkop,rkop,1.475.000,21-03-2011,Alm. Salg,20.486,3,Villa,72,1955,-1 %,Aktuel værdi
Vigen 187080 Børkop,rkop,1.987.500,19-03-2011,Alm. Salg,31.054,3,Sommerhus,64,1977,-5 %,Aktuel værdi
Dortheasvej 47080 Børkop,rkop,1.360.000,19-03-2011,Alm. Salg,11.525,4,Villa,118,1969,-1 %,Aktuel værdi
Hvidbjergvej 127080 Børkop,rkop,1.250.000,15-03-2011,Alm. Salg,6.793,8,Villa,184,1897,-15 %,Aktuel værdi
Hørgyden 287080 Børkop,rkop,761.000,11-03-2011,Fam. Salg,7.046,4,Villa,108,1951,,Aktuel værdi
Ryttergrøftsvejen 3147080 Børkop,rkop,1.295.000,10-03-2011,Alm. Salg,5.395,6,Villa,240,2015,0 %,Aktuel værdi
"Chr Kellersvej 2L, ST7080 Børkop",rkop,2.435.000,06-03-2011,Alm. Salg,16.564,3,Lejlighed,147,1899,-13 %,Aktuel værdi
I. Verlingsvej 17080 Børkop,rkop,2.910.000,03-03-2011,Alm. Salg,15.645,5,Villa,186,2009,-12 %,Aktuel værdi
Becksvej 217080 Børkop,rkop,1.875.000,28-02-2011,Alm. Salg,14.534,5,Sommerhus,129,1945,,Aktuel værdi
Kragelundvænget 1377080 Børkop,rkop,3.400.000,24-02-2011,Alm. Salg,17.000,5,Villa,200,2006,-4 %,Aktuel værdi
J.P. Skovsvej 97080 Børkop,rkop,550.000,21-02-2011,Alm. Salg,3.548,5,Villa,155,2011,-73 %,Aktuel værdi
Kragelundvænget 8B7080 Børkop,rkop,875.000,15-02-2011,Fam. Salg,8.663,3,Rækkehus,101,2006,,Aktuel værdi
Borggårdsparken 14B7080 Børkop,rkop,1.150.000,13-02-2011,Fam. Salg,10.000,3,Rækkehus,115,1991,-16 %,Aktuel værdi
Overbyvej 377080 Børkop,rkop,346.000,09-02-2011,Alm. Salg,2.337,6,Villa,148,1859,-12 %,Aktuel værdi
Hvidbjergvej 827080 Børkop,rkop,2.300.000,01-02-2011,Alm. Salg,27.058,3,Sommerhus,85,1930,-21 %,Aktuel værdi
Kragelundvænget 1177080 Børkop,rkop,3.120.000,31-01-2011,Alm. Salg,17.727,5,Villa,176,2007,-5 %,Aktuel værdi
Toftevej 4B7080 Børkop,rkop,1.225.000,26-01-2011,Alm. Salg,12.500,2,Rækkehus,98,1948,-2 %,Aktuel værdi
S. Stubsvej 317080 Børkop,rkop,1.143.107,14-01-2011,Alm. Salg,6.886,4,Villa,166,2009,,Aktuel værdi
Dagmarsvej 97080 Børkop,rkop,1.620.000,14-01-2011,Alm. Salg,13.965,4,Villa,116,1995,-4 %,Aktuel værdi
Hasselvang 297080 Børkop,rkop,350.000,14-01-2011,Alm. Salg,1.966,5,Villa,178,2012,,Aktuel værdi
Skolegade 177080 Børkop,rkop,1.377.500,30-12-2010,Alm. Salg,4.850,8,Villa,284,1866,,Aktuel værdi
Lodsvej 1237080 Børkop,rkop,580.000,29-12-2010,Alm. Salg,16.571,2,Sommerhus,35,1951,,Aktuel værdi
B. Berthelsensvej 237080 Børkop,rkop,470.000,29-12-2010,Alm. Salg,2.248,8,Villa,209,2011,,Aktuel værdi
Hasselvang 607080 Børkop,rkop,525.000,29-12-2010,Alm. Salg,2.853,5,Villa,184,2013,-17 %,Aktuel værdi
I. Verlingsvej 177080 Børkop,rkop,800.000,28-12-2010,Alm. Salg,4.145,5,Villa,193,2014,,Aktuel værdi
Stationsvej 177080 Børkop,rkop,1.280.000,23-12-2010,Alm. Salg,9.770,5,Villa,131,1929,-5 %,Aktuel værdi
S. Stubsvej 137080 Børkop,rkop,519.666,23-12-2010,Alm. Salg,2.706,5,Villa,192,2012,-74 %,Aktuel værdi
B. Berthelsensvej 497080 Børkop,rkop,395.000,23-12-2010,Alm. Salg,2.283,5,Villa,173,2012,,Aktuel værdi
"Brejning Strand 1C, 1. TV7080 Børkop",rkop,3.500.000,22-12-2010,Alm. Salg,21.604,3,Lejlighed,162,1892,-30 %,Aktuel værdi
"H.O. Wildenskovsvej 24, 3. TH7080 Børkop",rkop,3.000.000,21-12-2010,Alm. Salg,-,3,Lejlighed,256,1900,,Aktuel værdi
Nørrelyst 107080 Børkop,rkop,900.000,21-12-2010,Auktion,6.206,4,Villa,145,1958,,Aktuel værdi
Solsortevej 117080 Børkop,rkop,1.835.000,20-12-2010,Alm. Salg,8.495,8,Villa,216,1974,-2 %,Aktuel værdi
Høllsmindevej 67080 Børkop,rkop,140.000,20-12-2010,Alm. Salg,1.944,4,Sommerhus,72,2010,,Aktuel værdi
Andkær Bygade 247080 Børkop,rkop,625.000,16-12-2010,Alm. Salg,4.251,5,Villa,147,2013,,Aktuel værdi
Tværvej 77080 Børkop,rkop,1.137.500,15-12-2010,Alm. Salg,25.277,3,Sommerhus,45,1948,-4 %,Aktuel værdi
B. Berthelsensvej 307080 Børkop,rkop,491.668,13-12-2010,Alm. Salg,2.175,7,Villa,226,2013,,Aktuel værdi
Lodsvej 1087080 Børkop,rkop,408.000,10-12-2010,Fam. Salg,7.846,2,Sommerhus,52,1957,,Aktuel værdi
Kastanjehaven 247080 Børkop,rkop,450.000,09-12-2010,Alm. Salg,2.777,5,Villa,162,2011,,Aktuel værdi
Amaliegade 297080 Børkop,rkop,1.285.000,08-12-2010,Alm. Salg,12.850,3,Villa,100,1877,-1 %,Aktuel værdi
B. Berthelsensvej 97080 Børkop,rkop,395.000,06-12-2010,Alm. Salg,2.219,4,Villa,178,2011,,Aktuel værdi
Skovvej 67080 Børkop,rkop,1.225.000,03-12-2010,Alm. Salg,12.894,6,Villa,95,1955,-9 %,Aktuel værdi
Dagmarsvej 17080 Børkop,rkop,2.095.000,03-12-2010,Alm. Salg,11.971,5,Villa,175,1996,0 %,Aktuel værdi
Vognsvadvej 267080 Børkop,rkop,1.040.000,30-11-2010,Alm. Salg,8.524,5,Villa,122,1900,-5 %,Aktuel værdi
Pindvej 267080 Børkop,rkop,870.000,26-11-2010,Alm. Salg,14.262,3,Sommerhus,61,1966,-6 %,Aktuel værdi
Sellerup Strandvej 287080 Børkop,rkop,737.875,26-11-2010,Fam. Salg,12.297,3,Sommerhus,60,2004,-69 %,Aktuel værdi
Kirkegade 127080 Børkop,rkop,1.790.000,25-11-2010,Alm. Salg,10.529,5,Villa,170,1986,-3 %,Aktuel værdi
Merkurvej 127080 Børkop,rkop,1.550.000,23-11-2010,Alm. Salg,13.478,4,Villa,115,1972,-2 %,Aktuel værdi
Hvidbjergvej 107080 Børkop,rkop,977.500,20-11-2010,Alm. Salg,14.375,4,Sommerhus,68,1987,,Aktuel værdi
Hjortedalsvej 87080 Børkop,rkop,500.000,19-11-2010,Alm. Salg,10.000,3,Sommerhus,50,1950,0 %,Aktuel værdi
I. Verlingsvej 137080 Børkop,rkop,575.000,18-11-2010,Alm. Salg,3.662,5,Villa,157,2011,,Aktuel værdi
B. Berthelsensvej 427080 Børkop,rkop,400.000,15-11-2010,Alm. Salg,2.424,5,Villa,165,2011,,Aktuel værdi
Munkebakken 17080 Børkop,rkop,1.190.000,14-11-2010,Alm. Salg,10.347,4,Villa,115,1973,-5 %,Aktuel værdi
Møllegade 217080 Børkop,rkop,387.167,12-11-2010,Alm. Salg,3.487,4,Villa,111,1960,-67 %,Aktuel værdi
Agernhaven 147080 Børkop,rkop,480.000,12-11-2010,Alm. Salg,3.037,5,Villa,158,2012,,Aktuel værdi
Kragelundvænget 317080 Børkop,rkop,3.475.000,11-11-2010,Alm. Salg,16.547,5,Villa,210,2006,-6 %,Aktuel værdi
Høgevej 87080 Børkop,rkop,1.100.000,10-11-2010,Alm. Salg,7.333,5,Villa,150,1973,-29 %,Aktuel værdi
B. Berthelsensvej 257080 Børkop,rkop,525.000,10-11-2010,Alm. Salg,2.488,6,Villa,211,2013,,Aktuel værdi
Randsalle 87080 Børkop,rkop,1.130.000,08-11-2010,Alm. Salg,24.565,3,Sommerhus,46,1935,,Aktuel værdi
"Brejning Strand 1C, 1. TH7080 Børkop",rkop,1.850.000,04-11-2010,Auktion,10.571,4,Lejlighed,175,1892,,Aktuel værdi
"Brejning Strand 1D, 17080 Børkop",rkop,3.650.000,04-11-2010,Auktion,17.892,2,Lejlighed,204,1892,,Aktuel værdi
Lyngbakkevej 107080 Børkop,rkop,1.150.000,04-11-2010,Alm. Salg,31.081,2,Sommerhus,37,1983,-8 %,Aktuel værdi
Mejsevej 37080 Børkop,rkop,910.675,03-11-2010,Alm. Salg,5.264,6,Villa,173,1973,,Aktuel værdi
Brandtlund Mark 577080 Børkop,rkop,1.499.000,03-11-2010,Alm. Salg,14.841,4,Rækkehus,101,2011,,Aktuel værdi
Lykkevej 87080 Børkop,rkop,900.000,02-11-2010,Fam. Salg,16.363,4,Sommerhus,55,1965,,Aktuel værdi
Hasseltoften 47080 Børkop,rkop,500.000,01-11-2010,Fam. Salg,6.578,4,Sommerhus,76,1975,,Aktuel værdi
Egevang 137080 Børkop,rkop,1.225.000,28-10-2010,Alm. Salg,10.840,4,Villa,113,1965,0 %,Aktuel værdi
Søndervænget 127080 Børkop,rkop,771.000,27-10-2010,Alm. Salg,7.558,4,Villa,102,1973,,Aktuel værdi
Munkebo 167080 Børkop,rkop,1.150.000,27-10-2010,Alm. Salg,9.583,4,Villa,120,1972,0 %,Aktuel værdi
Fjordparken 217080 Børkop,rkop,890.000,23-10-2010,Alm. Salg,17.800,3,Sommerhus,50,1985,-11 %,Aktuel værdi
Mølleparken 267080 Børkop,rkop,2.885.000,20-10-2010,Alm. Salg,14.353,6,Villa,201,2006,-4 %,Aktuel værdi
Knudsvej 17080 Børkop,rkop,1.950.000,20-10-2010,Alm. Salg,13.175,4,Villa,148,1974,-7 %,Aktuel værdi
Hasselvang 447080 Børkop,rkop,2.308.923,20-10-2010,Alm. Salg,15.392,6,Villa,150,2011,,Aktuel værdi
Lyngbakkevej 157080 Børkop,rkop,500.000,18-10-2010,Alm. Salg,2.793,4,Villa,179,2012,,Aktuel værdi
J.L. Varmingsvej 197080 Børkop,rkop,2.531.497,14-10-2010,Alm. Salg,19.324,4,Rækkehus,131,2008,,Aktuel værdi
Sommerstien 267080 Børkop,rkop,860.100,14-10-2010,Fam. Salg,17.202,3,Sommerhus,50,1956,,Aktuel værdi
Mads Madsens Vænge 16A7080 Børkop,rkop,2.300.000,01-10-2010,Alm. Salg,27.058,3,Sommerhus,85,2006,,Aktuel værdi
Drosselvej 117080 Børkop,rkop,637.000,01-10-2010,Alm. Salg,3.860,6,Villa,165,1970,,Aktuel værdi
Villavej 37080 Børkop,rkop,1.450.000,29-09-2010,Alm. Salg,12.719,4,Villa,114,1986,-8 %,Aktuel værdi
J.L. Varmingsvej 67080 Børkop,rkop,2.095.000,27-09-2010,Alm. Salg,14.964,4,Rækkehus,140,2012,,Aktuel værdi
Stadsvej 67080 Børkop,rkop,293.333,24-09-2010,Alm. Salg,4.512,4,Sommerhus,65,1966,,Aktuel værdi
Stoffersvej 27080 Børkop,rkop,1.350.000,24-09-2010,Alm. Salg,15.340,3,Sommerhus,88,1996,-15 %,Aktuel værdi
Brejning Søndergade 317080 Børkop,rkop,1.145.000,22-09-2010,Alm. Salg,7.736,5,Villa,148,1966,-12 %,Aktuel værdi
Ouskær 26B7080 Børkop,rkop,250.000,21-09-2010,Fam. Salg,1.633,4,Villa,153,2009,,Aktuel værdi
Overhøll 1157080 Børkop,rkop,1.075.000,19-09-2010,Alm. Salg,9.772,4,Villa,110,1965,-2 %,Aktuel værdi
Lodsvej 1397080 Børkop,rkop,712.500,17-09-2010,Alm. Salg,13.970,4,Sommerhus,51,1937,,Aktuel værdi
Birkevang 67080 Børkop,rkop,1.695.000,16-09-2010,Alm. Salg,13.139,5,Villa,129,1965,0 %,Aktuel værdi
Hasselvang 907080 Børkop,rkop,385.000,16-09-2010,Alm. Salg,2.200,5,Villa,175,2012,,Aktuel værdi
Nymarksvej 17080 Børkop,rkop,600.000,08-09-2010,Alm. Salg,5.769,5,Villa,104,1958,,Aktuel værdi
Rønnevang 297080 Børkop,rkop,1.772.500,03-09-2010,Alm. Salg,15.825,3,Villa,112,1998,-1 %,Aktuel værdi
Solitudevej 47080 Børkop,rkop,733.170,02-09-2010,Alm. Salg,6.375,4,Villa,115,1930,,Aktuel værdi
Kragelundvænget 10A7080 Børkop,rkop,1.770.000,01-09-2010,Alm. Salg,17.524,4,Rækkehus,101,2006,-1 %,Aktuel værdi
Agernhaven 27080 Børkop,rkop,427.500,31-08-2010,Alm. Salg,2.375,5,Villa,180,2011,,Aktuel værdi
M. Altersvej 47080 Børkop,rkop,450.000,30-08-2010,Alm. Salg,2.380,6,Villa,189,2012,,Aktuel værdi
Sellerupvej 177080 Børkop,rkop,300.000,29-08-2010,Fam. Salg,1.587,5,Villa,189,1848,,Aktuel værdi
Hasselvang 987080 Børkop,rkop,475.000,27-08-2010,Alm. Salg,2.120,6,Villa,224,2012,,Aktuel værdi
Hvidbjergvej 7A7080 Børkop,rkop,2.750.000,26-08-2010,Alm. Salg,16.369,4,Villa,168,2011,,Aktuel værdi
Borggårdsparken 1B7080 Børkop,rkop,1.069.500,25-08-2010,Alm. Salg,13.368,3,Rækkehus,80,1981,-3 %,Aktuel værdi
Egevang 277080 Børkop,rkop,1.220.000,23-08-2010,Alm. Salg,6.853,7,Villa,178,1965,-6 %,Aktuel værdi
Rønnealle 67080 Børkop,rkop,833.800,23-08-2010,Fam. Salg,11.580,4,Sommerhus,72,1934,,Aktuel værdi
Hasselvang 137080 Børkop,rkop,495.000,22-08-2010,Alm. Salg,3.055,6,Villa,162,2011,0 %,Aktuel værdi
Marsvej 37080 Børkop,rkop,1.700.000,21-08-2010,Alm. Salg,10.625,5,Villa,160,1975,-4 %,Aktuel værdi
Brandtlund Mark 347080 Børkop,rkop,1.499.000,21-08-2010,Alm. Salg,14.841,4,Rækkehus,101,2011,,Aktuel værdi
Kastanjehaven 207080 Børkop,rkop,475.000,21-08-2010,Alm. Salg,2.810,5,Villa,169,2012,,Aktuel værdi
Sellerup Vangvej 1107080 Børkop,rkop,3.000.000,20-08-2010,Alm. Salg,13.333,6,Villa,225,1912,-6 %,Aktuel værdi
Vigen 16B7080 Børkop,rkop,1.875.000,19-08-2010,Alm. Salg,31.250,3,Sommerhus,60,1967,-6 %,Aktuel værdi
I. Verlingsvej 127080 Børkop,rkop,575.000,19-08-2010,Alm. Salg,3.142,6,Villa,183,2011,,Aktuel værdi
Tyttebærvej 87080 Børkop,rkop,600.000,18-08-2010,Alm. Salg,19.354,2,Sommerhus,31,1959,-14 %,Aktuel værdi
Lodsvej 1217080 Børkop,rkop,580.000,18-08-2010,Alm. Salg,12.608,2,Sommerhus,46,1940,,Aktuel værdi
Marius Mikkelsensvej 37080 Børkop,rkop,1.500.000,17-08-2010,Fam. Salg,31.250,3,Sommerhus,48,1964,,Aktuel værdi
Mads Madsens Vænge 517080 Børkop,rkop,875.000,16-08-2010,Alm. Salg,14.583,3,Sommerhus,60,1952,-20 %,Aktuel værdi
Dagmarsvej 387080 Børkop,rkop,825.000,16-08-2010,Andet,5.254,6,Villa,157,1987,,Aktuel værdi
Borgvold 577080 Børkop,rkop,1.850.000,14-08-2010,Alm. Salg,10.693,6,Villa,173,1977,-2 %,Aktuel værdi
Agernhaven 47080 Børkop,rkop,390.000,12-08-2010,Alm. Salg,2.549,5,Villa,153,2011,,Aktuel værdi
Hasselvang 437080 Børkop,rkop,510.000,12-08-2010,Alm. Salg,3.642,7,Villa,140,2011,0 %,Aktuel værdi
Chr Kellersvej 157080 Børkop,rkop,1.625.000,09-08-2010,Alm. Salg,10.906,5,Villa,149,1907,-3 %,Aktuel værdi
I. Verlingsvej 147080 Børkop,rkop,576.000,09-08-2010,Alm. Salg,3.063,6,Villa,188,2011,,Aktuel værdi
Lodsvej 1357080 Børkop,rkop,712.500,07-08-2010,Alm. Salg,15.489,3,Sommerhus,46,1969,,Aktuel værdi
Hvidbjerghusvej 157080 Børkop,rkop,3.225.000,05-08-2010,Alm. Salg,24.431,5,Sommerhus,132,1952,-10 %,Aktuel værdi
Stien 47080 Børkop,rkop,195.000,05-08-2010,Auktion,2.321,4,Villa,84,1956,,Aktuel værdi
Sellerup Strandvej 177080 Børkop,rkop,159.400,03-08-2010,Fam. Salg,1.226,3,Villa,130,1941,,Aktuel værdi
Kragelundvænget 37080 Børkop,rkop,3.050.000,02-08-2010,Alm. Salg,16.666,6,Villa,183,2006,-1 %,Aktuel værdi
Kastanjehaven 137080 Børkop,rkop,400.000,02-08-2010,Alm. Salg,2.000,5,Villa,200,2012,,Aktuel værdi
S. Stubsvej 217080 Børkop,rkop,2.325.000,30-07-2010,Alm. Salg,15.196,5,Villa,153,2011,1 %,Aktuel værdi
Fjordvænget 247080 Børkop,rkop,3.350.000,30-07-2010,Alm. Salg,21.337,5,Villa,157,2004,0 %,Aktuel værdi
Fyrstien 27080 Børkop,rkop,1.950.000,29-07-2010,Alm. Salg,19.696,4,Sommerhus,99,2005,-15 %,Aktuel værdi
Birkevang 87080 Børkop,rkop,1.050.000,28-07-2010,Alm. Salg,10.714,4,Villa,98,1966,,Aktuel værdi
Dagmarsvej 217080 Børkop,rkop,2.399.000,27-07-2010,Alm. Salg,15.183,5,Villa,158,1995,0 %,Aktuel værdi
M. Altersvej 67080 Børkop,rkop,385.000,27-07-2010,Alm. Salg,2.333,5,Villa,165,2011,,Aktuel værdi
Industrivej 217080 Børkop,rkop,1.325.000,26-07-2010,Alm. Salg,9.671,5,Villa,137,1970,-5 %,Aktuel værdi
Overgaden 337080 Børkop,rkop,650.000,23-07-2010,Alm. Salg,6.250,3,Villa,104,1900,-13 %,Aktuel værdi
I. Verlingsvej 57080 Børkop,rkop,515.000,19-07-2010,Alm. Salg,3.011,5,Villa,171,2011,,Aktuel værdi
J.L. Varmingsvej 227080 Børkop,rkop,2.095.000,17-07-2010,Alm. Salg,14.964,4,Rækkehus,140,2010,,Aktuel værdi
J.L. Varmingsvej 47080 Børkop,rkop,2.095.000,17-07-2010,Alm. Salg,14.964,4,Rækkehus,140,2010,,Aktuel værdi
"H.O. Wildenskovsvej 22, 37080 Børkop",rkop,3.180.000,16-07-2010,Alm. Salg,-,3,Lejlighed,222,1900,-12 %,Aktuel værdi
Knudsvej 157080 Børkop,rkop,1.250.000,15-07-2010,Alm. Salg,10.683,4,Villa,117,1977,-10 %,Aktuel værdi
Rosenvej 1A7080 Børkop,rkop,1.090.000,11-07-2010,Alm. Salg,17.868,2,Rækkehus,61,1989,,Aktuel værdi
Vandværksvej 257080 Børkop,rkop,2.185.000,10-07-2010,Alm. Salg,20.045,5,Villa,109,1960,0 %,Aktuel værdi
B. Berthelsensvej 417080 Børkop,rkop,420.000,07-07-2010,Alm. Salg,2.307,5,Villa,182,2012,,Aktuel værdi
Nymarksvej 47080 Børkop,rkop,1.100.000,05-07-2010,Alm. Salg,10.280,4,Villa,107,1958,,Aktuel værdi
Enebærvej 77080 Børkop,rkop,750.000,05-07-2010,Alm. Salg,20.833,2,Sommerhus,36,1952,-12 %,Aktuel værdi
I. Verlingsvej 117080 Børkop,rkop,575.000,05-07-2010,Alm. Salg,2.832,6,Villa,203,2011,,Aktuel værdi
Ved Hegnet 207080 Børkop,rkop,1.733.000,01-07-2010,Alm. Salg,32.698,3,Sommerhus,53,2001,-8 %,Aktuel værdi
Hasselvang 317080 Børkop,rkop,410.000,01-07-2010,Alm. Salg,3.037,5,Villa,135,2011,,Aktuel værdi
Knudsvej 27080 Børkop,rkop,1.635.000,26-06-2010,Alm. Salg,12.576,3,Villa,130,1975,-2 %,Aktuel værdi
Bjerrisgårdsvej 97080 Børkop,rkop,1.300.000,25-06-2010,Alm. Salg,19.117,4,Sommerhus,68,1967,-7 %,Aktuel værdi
Vesterled 57080 Børkop,rkop,2.100.000,25-06-2010,Alm. Salg,13.291,5,Villa,158,1977,-4 %,Aktuel værdi
Lærkevej 407080 Børkop,rkop,1.289.000,24-06-2010,Alm. Salg,12.890,4,Villa,100,1974,0 %,Aktuel værdi
Brandtlund Mark 447080 Børkop,rkop,1.495.000,23-06-2010,Alm. Salg,14.801,3,Rækkehus,101,2010,,Aktuel værdi
Knudsvej 197080 Børkop,rkop,1.525.000,21-06-2010,Alm. Salg,11.730,5,Villa,130,1976,-4 %,Aktuel værdi
Sellerupvej 467080 Børkop,rkop,800.000,21-06-2010,Andet,5.882,5,Villa,136,1905,,Aktuel værdi
Karen Andersensvej 27080 Børkop,rkop,925.000,21-06-2010,Alm. Salg,16.818,5,Sommerhus,55,1962,-7 %,Aktuel værdi
Brejning Nørregade 47080 Børkop,rkop,1.600.000,21-06-2010,Andet,9.411,5,Rækkehus,170,1897,,Aktuel værdi
Mågevej 77080 Børkop,rkop,1.450.000,21-06-2010,Alm. Salg,9.062,5,Villa,160,1970,,Aktuel værdi
Skovbrynet 147080 Børkop,rkop,1.150.000,15-06-2010,Alm. Salg,10.747,4,Villa,107,1971,0 %,Aktuel værdi
Kastanjehaven 37080 Børkop,rkop,380.000,14-06-2010,Alm. Salg,2.638,5,Villa,144,2012,,Aktuel værdi
Krogen 107080 Børkop,rkop,977.500,07-06-2010,Fam. Salg,8.354,5,Villa,117,1964,,Aktuel værdi
S. Stubsvej 547080 Børkop,rkop,625.000,06-06-2010,Alm. Salg,3.810,6,Villa,164,2011,,Aktuel værdi
I. Verlingsvej 77080 Børkop,rkop,515.000,04-06-2010,Alm. Salg,3.029,5,Villa,170,2011,,Aktuel værdi
Borgvold 207080 Børkop,rkop,1.225.000,03-06-2010,Alm. Salg,6.693,7,Villa,183,1976,-5 %,Aktuel værdi
Hasselvang 257080 Børkop,rkop,400.000,03-06-2010,Alm. Salg,2.173,5,Villa,184,2011,,Aktuel værdi
Overgaden 2B7080 Børkop,rkop,1.395.000,01-06-2010,Alm. Salg,11.528,3,Villa,121,1999,0 %,Aktuel værdi
B. Berthelsensvej 287080 Børkop,rkop,2.700.000,31-05-2010,Alm. Salg,14.516,6,Villa,186,2010,-10 %,Aktuel værdi
Brandtlund Mark 947080 Børkop,rkop,1.650.000,28-05-2010,Alm. Salg,16.336,3,Rækkehus,101,2010,,Aktuel værdi
Rønnevang 567080 Børkop,rkop,2.985.000,27-05-2010,Alm. Salg,17.662,5,Villa,169,2006,0 %,Aktuel værdi
Dagmarsvej 87080 Børkop,rkop,2.225.000,23-05-2010,Alm. Salg,16.240,4,Villa,137,1993,-5 %,Aktuel værdi
Niels Pedersensvej 24B7080 Børkop,rkop,2.100.000,22-05-2010,Alm. Salg,24.137,3,Sommerhus,87,2011,,Aktuel værdi
Egevang 267080 Børkop,rkop,812.008,18-05-2010,Alm. Salg,4.511,6,Villa,180,1965,,Aktuel værdi
Gregersensvej 117080 Børkop,rkop,1.600.000,18-05-2010,Alm. Salg,19.047,3,Sommerhus,84,2007,-11 %,Aktuel værdi
Toftevej 97080 Børkop,rkop,1.050.000,18-05-2010,Alm. Salg,11.666,3,Villa,90,1960,-12 %,Aktuel værdi
Overbyvej 167080 Børkop,rkop,1.439.295,18-05-2010,Alm. Salg,5.578,10,Stuehus,258,1880,,
Becksvej 177080 Børkop,rkop,977.500,15-05-2010,Fam. Salg,13.576,4,Sommerhus,72,1935,,Aktuel værdi
Borggårdsparken 467080 Børkop,rkop,2.300.000,13-05-2010,Alm. Salg,10.502,7,Villa,219,1980,-8 %,Aktuel værdi
Niels Pedersensvej 237080 Børkop,rkop,2.300.000,12-05-2010,Alm. Salg,20.535,5,Sommerhus,112,2004,,Aktuel værdi
Lavbolsvej 1057080 Børkop,rkop,120.000,11-05-2010,Alm. Salg,1.411,2,Villa,85,1867,,Aktuel værdi
Tjørnevej 17080 Børkop,rkop,1.670.000,11-05-2010,Alm. Salg,12.101,5,Villa,138,1972,-1 %,Aktuel værdi
M. Altersvej 77080 Børkop,rkop,611.000,10-05-2010,Alm. Salg,3.703,6,Villa,165,2011,,Aktuel værdi
S. Stubsvej 267080 Børkop,rkop,611.375,09-05-2010,Alm. Salg,3.493,6,Villa,175,2011,,Aktuel værdi
Spurvevænget 87080 Børkop,rkop,1.907.350,08-05-2010,Alm. Salg,17.993,4,Sommerhus,106,2012,,Aktuel værdi
Vestergade 347080 Børkop,rkop,2.435.000,07-05-2010,Alm. Salg,14.408,5,Villa,169,1914,-2 %,Aktuel værdi
Ved Hegnet 87080 Børkop,rkop,1.670.000,07-05-2010,Alm. Salg,17.040,4,Sommerhus,98,1959,-5 %,Aktuel værdi
Sct. Jørgens Parken 57080 Børkop,rkop,2.350.000,05-05-2010,Alm. Salg,15.878,5,Villa,148,1982,-6 %,Aktuel værdi
Buen 17080 Børkop,rkop,1.525.000,04-05-2010,Alm. Salg,10.032,5,Villa,152,1968,0 %,Aktuel værdi
J.L. Varmingsvej 147080 Børkop,rkop,1.850.000,03-05-2010,Alm. Salg,15.416,4,Rækkehus,120,2010,,Aktuel værdi
Hjortedalsvej 47080 Børkop,rkop,575.000,30-04-2010,Fam. Salg,9.126,4,Sommerhus,63,1980,,Aktuel værdi
M. Altersvej 97080 Børkop,rkop,3.000.000,29-04-2010,Alm. Salg,17.857,5,Villa,168,2009,-5 %,Aktuel værdi
J.L. Varmingsvej 207080 Børkop,rkop,1.995.000,28-04-2010,Alm. Salg,14.250,4,Rækkehus,140,2011,,Aktuel værdi
Sct. Jørgens Parken 157080 Børkop,rkop,1.695.000,27-04-2010,Alm. Salg,13.242,4,Villa,128,1977,0 %,Aktuel værdi
J.L. Varmingsvej 187080 Børkop,rkop,1.995.000,25-04-2010,Alm. Salg,14.250,4,Rækkehus,140,2010,,Aktuel værdi
J.L. Varmingsvej 127080 Børkop,rkop,1.795.000,24-04-2010,Alm. Salg,14.958,4,Rækkehus,120,2010,,Aktuel værdi
Gormsvej 177080 Børkop,rkop,1.350.000,23-04-2010,Alm. Salg,9.854,5,Villa,137,1972,-3 %,Aktuel værdi
Nyvej 197080 Børkop,rkop,740.843,21-04-2010,Fam. Salg,5.074,3,Villa,146,1940,-59 %,Aktuel værdi
Vandværksvej 277080 Børkop,rkop,1.500.000,21-04-2010,Alm. Salg,10.416,4,Villa,144,1915,-12 %,Aktuel værdi
Birkevang 187080 Børkop,rkop,1.000.000,16-04-2010,Alm. Salg,8.695,4,Villa,115,1966,0 %,Aktuel værdi
Sellerup Vangvej 1507080 Børkop,rkop,350.000,15-04-2010,Auktion,4.375,3,Villa,80,1900,,Aktuel værdi
Randsborgvænget 57080 Børkop,rkop,2.400.000,15-04-2010,Alm. Salg,36.363,4,Sommerhus,66,1978,,Aktuel værdi
Agernhaven 97080 Børkop,rkop,495.000,12-04-2010,Alm. Salg,2.209,8,Villa,224,2013,,Aktuel værdi
Mølleparken 117080 Børkop,rkop,4.800.000,09-04-2010,Alm. Salg,18.897,4,Villa,254,2004,7 %,Aktuel værdi
Elmevej 147080 Børkop,rkop,2.200.000,07-04-2010,Alm. Salg,12.716,5,Villa,173,1974,,Aktuel værdi
J.L. Varmingsvej 107080 Børkop,rkop,1.895.000,06-04-2010,Alm. Salg,15.791,4,Rækkehus,120,2010,,Aktuel værdi
Sønderskovvej 117080 Børkop,rkop,700.000,31-03-2010,Alm. Salg,7.954,3,Villa,88,1965,-15 %,Aktuel værdi
Hebovænget 37080 Børkop,rkop,1.250.000,29-03-2010,Alm. Salg,9.615,5,Villa,130,1965,0 %,Aktuel værdi
Agernhaven 187080 Børkop,rkop,540.000,29-03-2010,Alm. Salg,3.000,5,Villa,180,2010,,Aktuel værdi
Tangvej 67080 Børkop,rkop,1.425.000,27-03-2010,Alm. Salg,25.909,3,Sommerhus,55,1966,-3 %,Aktuel værdi
Kastanjehaven 87080 Børkop,rkop,500.000,26-03-2010,Alm. Salg,2.906,5,Villa,172,2013,,Aktuel værdi
Anemonevej 167080 Børkop,rkop,637.500,25-03-2010,Fam. Salg,10.625,4,Sommerhus,60,1985,,Aktuel værdi
Klosterbakken 17080 Børkop,rkop,1.460.000,23-03-2010,Alm. Salg,8.342,4,Villa,175,1971,-6 %,Aktuel værdi
Bystedvej 157080 Børkop,rkop,1.500.000,23-03-2010,Alm. Salg,8.333,6,Villa,180,1971,-12 %,Aktuel værdi
S. Stubsvej 567080 Børkop,rkop,637.000,21-03-2010,Alm. Salg,3.004,6,Villa,212,2011,,Aktuel værdi
Hasselvang 887080 Børkop,rkop,407.654,21-03-2010,Alm. Salg,2.580,5,Villa,158,2011,,Aktuel værdi
M. Altersvej 57080 Børkop,rkop,577.001,21-03-2010,Alm. Salg,3.316,5,Villa,174,2011,,Aktuel værdi
Overgaden 4B7080 Børkop,rkop,2.145.000,19-03-2010,Alm. Salg,17.727,4,Villa,121,2009,,Aktuel værdi
Overgaden 4C7080 Børkop,rkop,2.075.000,19-03-2010,Alm. Salg,18.362,2,Rækkehus,113,2010,,Aktuel værdi
Borggårdsparken 9A7080 Børkop,rkop,1.180.000,18-03-2010,Alm. Salg,13.882,3,Rækkehus,85,1984,,Aktuel værdi
Sellerup Vangvej 307080 Børkop,rkop,725.000,17-03-2010,Alm. Salg,8.055,4,Villa,90,1963,-6 %,Aktuel værdi
B. Berthelsensvej 267080 Børkop,rkop,425.000,17-03-2010,Alm. Salg,1.640,7,Villa,259,2013,,Aktuel værdi
Kastanjehaven 117080 Børkop,rkop,395.000,17-03-2010,Alm. Salg,2.581,5,Villa,153,2011,,Aktuel værdi
Hasselvang 827080 Børkop,rkop,431.000,16-03-2010,Alm. Salg,2.381,6,Villa,181,2012,,Aktuel værdi
Frits Nielsensvej 37080 Børkop,rkop,1.350.000,15-03-2010,Alm. Salg,17.532,3,Sommerhus,77,1983,,Aktuel værdi
Højbovej 57080 Børkop,rkop,1.200.000,14-03-2010,Alm. Salg,7.547,5,Villa,159,1965,-7 %,Aktuel værdi
Kastanjehaven 77080 Børkop,rkop,395.000,14-03-2010,Alm. Salg,2.781,5,Villa,142,2010,,Aktuel værdi
Vigen 157080 Børkop,rkop,717.300,12-03-2010,Fam. Salg,4.846,7,Stuehus,148,1800,,
Østre Alle 37080 Børkop,rkop,650.000,11-03-2010,Auktion,9.701,3,Villa,67,1948,-37 %,Aktuel værdi
Hybenvej 157080 Børkop,rkop,2.105.000,05-03-2010,Alm. Salg,12.680,6,Villa,166,1984,0 %,Aktuel værdi
Kristianshøjvej 1037080 Børkop,rkop,2.195.000,01-03-2010,Alm. Salg,11.675,6,Villa,188,1877,0 %,Aktuel værdi
Sellerup Strandvej 537080 Børkop,rkop,225.000,23-02-2010,Alm. Salg,4.166,3,Sommerhus,54,1964,,Aktuel værdi
Andkær Bygade 13C7080 Børkop,rkop,450.000,23-02-2010,Alm. Salg,3.125,5,Villa,144,2010,-9 %,Aktuel værdi
Sct. Jørgens Parken 47080 Børkop,rkop,1.780.000,22-02-2010,Alm. Salg,13.283,5,Villa,134,1977,-9 %,Aktuel værdi
Granvej 67080 Børkop,rkop,1.950.000,16-02-2010,Alm. Salg,28.676,4,Sommerhus,68,2004,-11 %,Aktuel værdi
Mågevej 57080 Børkop,rkop,1.940.000,10-02-2010,Alm. Salg,11.547,5,Villa,168,1970,-1 %,Aktuel værdi
Kirstinesvej 287080 Børkop,rkop,1.460.000,08-02-2010,Alm. Salg,18.717,2,Sommerhus,78,1969,-2 %,Aktuel værdi
Viggo Andersensvej 17080 Børkop,rkop,600.000,05-02-2010,Alm. Salg,9.523,5,Sommerhus,63,1963,-14 %,Aktuel værdi
Møllegårdsvej 2C7080 Børkop,rkop,7.600.000,04-02-2010,Alm. Salg,25.938,6,Villa,293,2005,-15 %,Aktuel værdi
Fjordvænget 87080 Børkop,rkop,876.926,04-02-2010,Andet,6.132,5,Villa,143,2003,,Aktuel værdi
Syrenvej 1B7080 Børkop,rkop,1.575.000,02-02-2010,Alm. Salg,7.224,4,Villa,218,1973,-7 %,Aktuel værdi
Borggårdsparken 8B7080 Børkop,rkop,1.275.000,29-01-2010,Alm. Salg,15.178,3,Rækkehus,84,1988,,Aktuel værdi
Brejning Søndergade 377080 Børkop,rkop,857.196,28-01-2010,Andet,5.714,4,Villa,150,1966,,Aktuel værdi
Hasselvang 967080 Børkop,rkop,600.000,28-01-2010,Alm. Salg,3.973,5,Villa,151,2010,,Aktuel værdi
Viggo Andersensvej 87080 Børkop,rkop,1.050.000,27-01-2010,Alm. Salg,21.000,3,Sommerhus,50,1974,,Aktuel værdi
Solitudevej 57080 Børkop,rkop,1.465.000,27-01-2010,Alm. Salg,9.766,4,Villa,150,1973,-2 %,Aktuel værdi
Lærkevej 427080 Børkop,rkop,1.850.000,23-01-2010,Alm. Salg,11.858,5,Villa,156,1973,-7 %,Aktuel værdi
Rønnevang 47080 Børkop,rkop,1.131.666,19-01-2010,Alm. Salg,8.026,5,Villa,141,2006,,Aktuel værdi
Borggårdsparken 15B7080 Børkop,rkop,807.500,19-01-2010,Fam. Salg,9.500,4,Rækkehus,85,1984,,Aktuel værdi
Jakobsvej 67080 Børkop,rkop,1.175.000,17-01-2010,Alm. Salg,9.475,4,Villa,124,1965,-2 %,Aktuel værdi
Tømmervej 197080 Børkop,rkop,1.625.000,15-01-2010,Alm. Salg,12.896,4,Villa,126,1963,-2 %,Aktuel værdi
Becksvej 22B7080 Børkop,rkop,1.695.000,13-01-2010,Alm. Salg,32.596,3,Sommerhus,52,1985,0 %,Aktuel værdi
Stationsvej 227080 Børkop,rkop,1.000.000,09-01-2010,Alm. Salg,5.319,7,Villa,188,1909,-9 %,Aktuel værdi
Sellerupvej 347080 Børkop,rkop,1.475.000,08-01-2010,Alm. Salg,7.972,5,Villa,185,1902,-5 %,Aktuel værdi
J.L. Varmingsvej 297080 Børkop,rkop,1.275.000,07-01-2010,Auktion,9.732,4,Rækkehus,131,2012,,Aktuel værdi
Brandtlundvej 197080 Børkop,rkop,2.095.000,06-01-2010,Alm. Salg,11.143,6,Villa,188,1989,0 %,Aktuel værdi
S. Stubsvej 227080 Børkop,rkop,900.000,18-12-2009,Alm. Salg,4.186,6,Villa,215,2010,,Aktuel værdi
Kragelundvænget 737080 Børkop,rkop,490.769,17-12-2009,Alm. Salg,2.453,6,Villa,200,2010,,Aktuel værdi
Enebærvej 137080 Børkop,rkop,1.105.000,16-12-2009,Fam. Salg,16.014,4,Sommerhus,69,1980,-47 %,Aktuel værdi
Dagmarsvej 237080 Børkop,rkop,1.935.000,15-12-2009,Alm. Salg,13.344,5,Villa,145,1997,0 %,Aktuel værdi
Overbyparken 17080 Børkop,rkop,1.550.000,03-12-2009,Alm. Salg,4.428,9,Villa,350,1910,,Aktuel værdi
Pilealle 47080 Børkop,rkop,770.000,02-12-2009,Alm. Salg,12.222,2,Sommerhus,63,2014,-30 %,Aktuel værdi
Borggårdsparken 7A7080 Børkop,rkop,1.100.000,26-11-2009,Alm. Salg,12.941,3,Rækkehus,85,1984,,Aktuel værdi
Skovbyvej 807080 Børkop,rkop,3.400.000,26-11-2009,Alm. Salg,13.385,5,Villa,254,1880,-13 %,Aktuel værdi
Niels Pedersensvej 517080 Børkop,rkop,2.300.000,23-11-2009,Alm. Salg,69.696,2,Sommerhus,33,1992,,Aktuel værdi
Kildevej 107080 Børkop,rkop,1.700.000,19-11-2009,Alm. Salg,36.956,2,Sommerhus,46,2006,-19 %,Aktuel værdi
Fredericiavej 4397080 Børkop,rkop,3.700.000,16-11-2009,Alm. Salg,28.906,5,Villa,128,1968,,Aktuel værdi
Skovbyvej 587080 Børkop,rkop,1.000.000,16-11-2009,Alm. Salg,11.627,3,Villa,86,1800,,Aktuel værdi
Borggårdsparken 6A7080 Børkop,rkop,1.010.000,13-11-2009,Alm. Salg,11.882,3,Rækkehus,85,1986,-4 %,Aktuel værdi
Amaliehaven 147080 Børkop,rkop,600.000,05-11-2009,Alm. Salg,3.614,4,Villa,166,2000,,Aktuel værdi
Bjerrevænget 267080 Børkop,rkop,1.500.000,04-11-2009,Alm. Salg,8.571,6,Villa,175,1977,0 %,Aktuel værdi
Borgergade 77080 Børkop,rkop,1.192.000,02-11-2009,Fam. Salg,9.536,5,Villa,125,1890,,Aktuel værdi
Høllvej 1337080 Børkop,rkop,393.500,29-10-2009,Fam. Salg,4.186,2,Sommerhus,94,1977,,Aktuel værdi
Buen 107080 Børkop,rkop,1.150.000,29-10-2009,Auktion,8.712,3,Villa,132,1969,-28 %,Aktuel værdi
Brejning Vestergade 117080 Børkop,rkop,1.100.000,29-10-2009,Alm. Salg,9.821,4,Villa,112,1958,-20 %,Aktuel værdi
Viggo Andersensvej 47080 Børkop,rkop,1.260.000,26-10-2009,Alm. Salg,19.384,3,Sommerhus,65,1978,-3 %,Aktuel værdi
Sommerstien 107080 Børkop,rkop,1.425.000,24-10-2009,Alm. Salg,23.750,3,Sommerhus,60,1978,-12 %,Aktuel værdi
Blåbærvej 11A7080 Børkop,rkop,1.750.000,24-10-2009,Alm. Salg,18.817,5,Sommerhus,93,1999,-10 %,Aktuel værdi
Marsvej 157080 Børkop,rkop,1.560.000,24-10-2009,Alm. Salg,13.448,4,Villa,116,1977,,Aktuel værdi
Høllsmindevej 57080 Børkop,rkop,3.000.000,21-10-2009,Alm. Salg,37.500,4,Sommerhus,80,2010,-25 %,Aktuel værdi
S. Stubsvej 257080 Børkop,rkop,475.000,17-10-2009,Alm. Salg,3.166,4,Villa,150,2010,-5 %,Aktuel værdi
I. Verlingsvej 187080 Børkop,rkop,950.000,15-10-2009,Alm. Salg,5.864,6,Villa,162,2011,,Aktuel værdi
Nyvej 15C7080 Børkop,rkop,650.000,14-10-2009,Alm. Salg,4.814,5,Villa,135,1960,-16 %,Aktuel værdi
Poppelvang 27080 Børkop,rkop,1.275.000,14-10-2009,Alm. Salg,9.107,5,Villa,140,1969,-6 %,Aktuel værdi
Lyngbakkevej 37080 Børkop,rkop,1.125.000,14-10-2009,Alm. Salg,26.785,2,Sommerhus,42,1985,-13 %,Aktuel værdi
Kæragervej 37080 Børkop,rkop,850.000,13-10-2009,Alm. Salg,10.119,4,Villa,84,1965,-5 %,Aktuel værdi
B. Berthelsensvej 87080 Børkop,rkop,2.345.000,09-10-2009,Alm. Salg,14.475,6,Villa,162,2008,0 %,Aktuel værdi
Marsvej 107080 Børkop,rkop,2.000.000,09-10-2009,Alm. Salg,16.666,3,Villa,120,1975,-9 %,Aktuel værdi
Poppelvang 97080 Børkop,rkop,773.500,08-10-2009,Alm. Salg,3.531,7,Villa,219,1967,,Aktuel værdi
Munkevej 267080 Børkop,rkop,1.200.000,02-10-2009,Alm. Salg,7.272,6,Villa,165,1972,-7 %,Aktuel værdi
J.P. Skovsvej 37080 Børkop,rkop,2.200.000,29-09-2009,Alm. Salg,15.602,5,Villa,141,2009,-4 %,Aktuel værdi
Stadsvej 1017080 Børkop,rkop,920.000,29-09-2009,Alm. Salg,6.814,2,Villa,135,2012,,Aktuel værdi
Lærkevej 287080 Børkop,rkop,1.875.000,29-09-2009,Alm. Salg,10.775,6,Villa,174,1971,-5 %,Aktuel værdi
Roarsvej 87080 Børkop,rkop,1.049.000,28-09-2009,Alm. Salg,10.704,3,Rækkehus,98,1977,0 %,Aktuel værdi
Johannevej 18B7080 Børkop,rkop,850.000,23-09-2009,Alm. Salg,17.346,4,Sommerhus,49,1981,-15 %,Aktuel værdi
Sellerupvej 227080 Børkop,rkop,662.670,22-09-2009,Alm. Salg,3.012,7,Stuehus,220,1858,-81 %,
Gormsvej 47080 Børkop,rkop,1.950.000,18-09-2009,Alm. Salg,11.337,7,Villa,172,1974,-2 %,Aktuel værdi
Niels Pedersensvej 43A7080 Børkop,rkop,1.100.000,14-09-2009,Alm. Salg,7.801,3,Sommerhus,141,1966,,Aktuel værdi
Brejning Vestergade 167080 Børkop,rkop,1.050.000,02-09-2009,Alm. Salg,15.000,4,Villa,70,1955,-4 %,Aktuel værdi
Egevang 377080 Børkop,rkop,1.175.000,01-09-2009,Alm. Salg,11.750,4,Villa,100,1966,-6 %,Aktuel værdi
Fuglebakken 127080 Børkop,rkop,1.700.000,27-08-2009,Alm. Salg,19.318,4,Sommerhus,88,1965,-9 %,Aktuel værdi
Overgaden 20A7080 Børkop,rkop,1.345.000,19-08-2009,Alm. Salg,9.471,5,Villa,142,1999,-9 %,Aktuel værdi
Krogbuskevej 1117080 Børkop,rkop,2.500.000,18-08-2009,Alm. Salg,8.038,8,Villa,311,1900,-16 %,Aktuel værdi
Amaliehaven 177080 Børkop,rkop,2.075.000,14-08-2009,Alm. Salg,17.291,4,Villa,120,2000,,Aktuel værdi
B. Berthelsensvej 137080 Børkop,rkop,3.050.000,13-08-2009,Auktion,21.034,4,Villa,145,2011,,Aktuel værdi
Skovbyvej 20E7080 Børkop,rkop,2.100.000,12-08-2009,Alm. Salg,13.548,4,Villa,155,2001,-7 %,Aktuel værdi
Stationsvej 817080 Børkop,rkop,1.295.000,07-08-2009,Alm. Salg,10.277,5,Villa,126,1985,-18 %,Aktuel værdi
J.L. Varmingsvej 257080 Børkop,rkop,1.300.000,06-08-2009,Auktion,9.923,4,Rækkehus,131,2012,,Aktuel værdi
Fjordparken 137080 Børkop,rkop,1.200.000,05-08-2009,Alm. Salg,16.216,4,Sommerhus,74,1977,-20 %,Aktuel værdi
Fjordparken 67080 Børkop,rkop,1.100.000,04-08-2009,Alm. Salg,15.492,3,Sommerhus,71,1974,,Aktuel værdi
Amaliehaven 13B7080 Børkop,rkop,1.320.000,03-08-2009,Alm. Salg,15.348,2,Rækkehus,86,2000,-2 %,Aktuel værdi
Hjortedalsvej 117080 Børkop,rkop,1.045.000,29-07-2009,Alm. Salg,16.328,4,Sommerhus,64,1984,-5 %,Aktuel værdi
Overhøll 1097080 Børkop,rkop,499.000,27-07-2009,Alm. Salg,4.663,4,Villa,107,1900,0 %,Aktuel værdi
Bystedvænget 137080 Børkop,rkop,1.670.000,24-07-2009,Alm. Salg,10.503,6,Villa,159,1972,-1 %,Aktuel værdi
Kirkegade 27080 Børkop,rkop,860.000,21-07-2009,Alm. Salg,8.431,4,Villa,102,1884,-2 %,Aktuel værdi
Vognkærvej 1017080 Børkop,rkop,2.695.000,16-07-2009,Alm. Salg,17.165,3,Villa,157,1997,0 %,Aktuel værdi
Bystedvej 27080 Børkop,rkop,1.700.000,16-07-2009,Alm. Salg,6.614,7,Villa,257,1900,-5 %,Aktuel værdi
Østre Alle 47080 Børkop,rkop,850.000,09-07-2009,Alm. Salg,8.500,3,Villa,100,1955,,Aktuel værdi
Randsalle 67080 Børkop,rkop,319.874,07-07-2009,Fam. Salg,11.030,1,Sommerhus,29,1927,,Aktuel værdi
Borggårdsparken 327080 Børkop,rkop,2.300.000,07-07-2009,Alm. Salg,15.862,5,Villa,145,1986,-11 %,Aktuel værdi
Johannevej 97080 Børkop,rkop,698.000,02-07-2009,Alm. Salg,9.184,2,Sommerhus,76,1965,-17 %,Aktuel værdi
Niels Pedersensvej 187080 Børkop,rkop,112.200,30-06-2009,Fam. Salg,1.181,5,Sommerhus,95,1959,,Aktuel værdi
B. Berthelsensvej 327080 Børkop,rkop,522.000,29-06-2009,Alm. Salg,3.676,5,Villa,142,2009,-80 %,Aktuel værdi
Børkop Skovvej 1087080 Børkop,rkop,187.000,26-06-2009,Fam. Salg,2.397,3,Villa,78,1952,,Aktuel værdi
Tværvej 67080 Børkop,rkop,1.630.000,25-06-2009,Alm. Salg,25.468,4,Sommerhus,64,1989,-18 %,Aktuel værdi
Fjordparken 167080 Børkop,rkop,1.295.000,24-06-2009,Alm. Salg,12.216,2,Sommerhus,106,1976,0 %,Aktuel værdi
Nymarksvej 87080 Børkop,rkop,3.050.000,17-06-2009,Alm. Salg,14.593,7,Villa,209,1978,-13 %,Aktuel værdi
Elkjærvej 1027080 Børkop,rkop,13.857.801,15-06-2009,Alm. Salg,70.703,5,Stuehus,196,1959,,
"Chr Kellersvej 2M, 27080 Børkop",rkop,2.550.000,08-06-2009,Alm. Salg,18.613,4,Lejlighed,137,1899,,Aktuel værdi
Koglehaven 17080 Børkop,rkop,2.690.167,08-06-2009,Alm. Salg,22.418,4,Rækkehus,120,2011,,Aktuel værdi
Olafsvej 107080 Børkop,rkop,1.575.000,03-06-2009,Alm. Salg,12.304,4,Villa,128,1977,-5 %,Aktuel værdi
Egevang 157080 Børkop,rkop,734.869,28-05-2009,Alm. Salg,4.965,5,Villa,148,1966,,Aktuel værdi
Skovvej 87080 Børkop,rkop,1.020.000,22-05-2009,Fam. Salg,10.099,4,Villa,101,1959,-32 %,Aktuel værdi
Borggårdsparken 2B7080 Børkop,rkop,1.150.000,22-05-2009,Alm. Salg,13.529,3,Rækkehus,85,1987,,Aktuel værdi
Karen Andersensvej 57080 Børkop,rkop,547.450,20-05-2009,Fam. Salg,13.034,3,Sommerhus,42,1967,,Aktuel værdi
V. Borgenvej 97080 Børkop,rkop,1.800.000,15-05-2009,Alm. Salg,17.142,3,Sommerhus,105,1997,-5 %,Aktuel værdi
Randsborgvænget 37080 Børkop,rkop,1.550.000,13-05-2009,Alm. Salg,13.716,5,Sommerhus,113,2016,-18 %,Aktuel værdi
Granvej 57080 Børkop,rkop,288.550,29-04-2009,Fam. Salg,6.870,3,Sommerhus,42,1940,,Aktuel værdi
Mads Madsens Vænge 107080 Børkop,rkop,2.200.000,28-04-2009,Alm. Salg,18.032,5,Sommerhus,122,1974,-12 %,Aktuel værdi
Mejsevej 177080 Børkop,rkop,1.500.000,25-04-2009,Alm. Salg,11.111,4,Villa,135,1973,-3 %,Aktuel værdi
Svendsgade 107080 Børkop,rkop,1.210.000,23-04-2009,Alm. Salg,12.100,4,Villa,100,1965,-7 %,Aktuel værdi
Munkedalen 117080 Børkop,rkop,1.425.000,23-04-2009,Alm. Salg,10.961,4,Villa,130,1973,-5 %,Aktuel værdi
Hebovænget 27080 Børkop,rkop,710.000,23-04-2009,Alm. Salg,5.725,4,Villa,124,1965,-62 %,Aktuel værdi
Søndervænget 267080 Børkop,rkop,1.800.000,15-04-2009,Alm. Salg,8.144,7,Villa,221,1973,-3 %,Aktuel værdi
M. Altersvej 147080 Børkop,rkop,825.000,14-04-2009,Alm. Salg,5.221,5,Villa,158,2009,,Aktuel værdi
Borggårdsparken 647080 Børkop,rkop,1.800.000,09-04-2009,Alm. Salg,15.254,5,Villa,118,1988,,Aktuel værdi
Poppelvang 207080 Børkop,rkop,1.645.000,08-04-2009,Alm. Salg,9.138,5,Villa,180,1970,0 %,Aktuel værdi
Hasselvang 1007080 Børkop,rkop,600.000,06-04-2009,Alm. Salg,3.370,5,Villa,178,2010,,Aktuel værdi
Amaliehaven 277080 Børkop,rkop,2.455.000,26-03-2009,Alm. Salg,15.248,4,Villa,161,2000,-5 %,Aktuel værdi
Toftevej 147080 Børkop,rkop,616.250,24-03-2009,Fam. Salg,4.814,4,Villa,128,1960,,Aktuel værdi
"Brejning Søndergade 44, 1. 77080 Børkop",rkop,625.000,20-03-2009,Alm. Salg,8.802,2,Lejlighed,71,1979,-3 %,Aktuel værdi
B. Berthelsensvej 207080 Børkop,rkop,636.668,20-03-2009,Alm. Salg,3.422,5,Villa,186,2010,-78 %,Aktuel værdi
Bystedparken 587080 Børkop,rkop,2.400.000,16-03-2009,Alm. Salg,13.114,5,Villa,183,2007,-9 %,Aktuel værdi
Hasselvang 807080 Børkop,rkop,450.000,16-03-2009,Alm. Salg,3.191,6,Villa,141,2009,,Aktuel værdi
Bystedparken 47080 Børkop,rkop,830.000,15-03-2009,Andet,5.389,4,Villa,154,1998,,Aktuel værdi
Amaliehaven 9B7080 Børkop,rkop,1.500.000,14-03-2009,Fam. Salg,15.957,3,Rækkehus,94,2005,,Aktuel værdi
Amaliehaven 207080 Børkop,rkop,2.125.000,13-03-2009,Alm. Salg,15.287,5,Villa,139,2000,-3 %,Aktuel værdi
Industrivej 197080 Børkop,rkop,1.250.000,06-03-2009,Alm. Salg,10.964,4,Villa,114,1968,-7 %,Aktuel værdi
Brejning Søndergade 587080 Børkop,rkop,1.000.000,06-03-2009,Alm. Salg,11.111,3,Villa,90,1964,-20 %,Aktuel værdi
Børkop Skovvej 1107080 Børkop,rkop,1.997.500,15-02-2009,Fam. Salg,17.369,4,Stuehus,115,1900,,
M. Altersvej 117080 Børkop,rkop,625.000,06-02-2009,Alm. Salg,4.058,5,Villa,154,2009,,Aktuel værdi
H.O. Wildenskovsvej 207080 Børkop,rkop,7.100.000,05-02-2009,Auktion,10.923,15,Villa,650,1909,,Aktuel værdi
Nørrelyst 177080 Børkop,rkop,637.413,01-02-2009,Alm. Salg,6.639,4,Villa,96,1963,,Aktuel værdi
Mølleparken 127080 Børkop,rkop,3.000.000,29-01-2009,Alm. Salg,13.636,6,Villa,220,2006,-25 %,Aktuel værdi
Bjerrevænget 117080 Børkop,rkop,2.125.000,27-01-2009,Alm. Salg,14.655,4,Villa,145,1977,,Aktuel værdi
Borggårdsparken 13A7080 Børkop,rkop,1.075.000,20-01-2009,Alm. Salg,12.647,3,Rækkehus,85,1984,,Aktuel værdi
I. Verlingsvej 87080 Børkop,rkop,853.021,20-01-2009,Alm. Salg,4.489,6,Villa,190,2010,,Aktuel værdi
Solsortevej 87080 Børkop,rkop,1.480.000,14-01-2009,Alm. Salg,9.610,5,Villa,154,1974,-7 %,Aktuel værdi
Tornvadshavevej 1067080 Børkop,rkop,550.000,12-01-2009,Alm. Salg,2.500,7,Villa,220,2013,,Aktuel værdi
Fasanvej 97080 Børkop,rkop,1.645.000,02-01-2009,Alm. Salg,10.477,4,Villa,157,1971,-2 %,Aktuel værdi
Randsborgvej 257080 Børkop,rkop,1.062.500,25-12-2008,Fam. Salg,21.683,3,Sommerhus,49,1989,,Aktuel værdi
Hebovænget 97080 Børkop,rkop,570.772,23-12-2008,Andet,3.567,4,Villa,160,1966,,Aktuel værdi
Hvidbjerghusvej 147080 Børkop,rkop,2.500.000,22-12-2008,Fam. Salg,24.038,3,Sommerhus,104,1981,,Aktuel værdi
Johs. Jensensvej 27080 Børkop,rkop,892.500,18-12-2008,Fam. Salg,17.163,3,Sommerhus,52,1961,,Aktuel værdi
Fjordparken 77080 Børkop,rkop,1.062.500,18-12-2008,Fam. Salg,11.938,5,Sommerhus,89,1975,,Aktuel værdi
Karen Andersensvej 67080 Børkop,rkop,1.317.500,18-12-2008,Fam. Salg,20.269,3,Sommerhus,65,1994,,Aktuel værdi
Industrivej 67080 Børkop,rkop,825.000,16-12-2008,Andet,6.156,4,Villa,134,1966,,Aktuel værdi
Hybenvej 127080 Børkop,rkop,1.375.000,15-12-2008,Alm. Salg,9.166,4,Villa,150,1972,-21 %,Aktuel værdi
Birkevej 57080 Børkop,rkop,977.500,11-12-2008,Fam. Salg,19.166,2,Sommerhus,51,1963,,Aktuel værdi
Uranusvej 17080 Børkop,rkop,1.475.000,07-12-2008,Alm. Salg,11.991,4,Villa,123,1976,,Aktuel værdi
Saltbækvej 1047080 Børkop,rkop,480.000,03-12-2008,Fam. Salg,7.384,3,Sommerhus,65,1842,,Aktuel værdi
Pindvej 27080 Børkop,rkop,1.130.000,29-11-2008,Alm. Salg,8.432,6,Villa,134,1960,-13 %,Aktuel værdi
Anemonevej 267080 Børkop,rkop,2.100.000,28-11-2008,Fam. Salg,36.842,3,Sommerhus,57,1994,,Aktuel værdi
Hasselvang 927080 Børkop,rkop,655.000,22-11-2008,Alm. Salg,3.742,7,Villa,175,2009,,Aktuel værdi
Svendsgade 47080 Børkop,rkop,1.225.000,18-11-2008,Alm. Salg,9.423,4,Villa,130,1964,-16 %,Aktuel værdi
Gormsvej 57080 Børkop,rkop,1.740.000,14-11-2008,Alm. Salg,8.923,7,Villa,195,1973,-8 %,Aktuel værdi
Johannevej 147080 Børkop,rkop,1.300.000,12-11-2008,Alm. Salg,18.571,3,Sommerhus,70,1968,-7 %,Aktuel værdi
Signesvej 17080 Børkop,rkop,1.150.000,07-11-2008,Alm. Salg,-,6,Villa,170,1964,-15 %,Aktuel værdi
Skovgårdsparken 187080 Børkop,rkop,1.600.000,06-11-2008,Alm. Salg,14.545,4,Villa,110,1979,-7 %,Aktuel værdi
Nyboesgade 18A7080 Børkop,rkop,750.000,28-10-2008,Alm. Salg,13.392,2,Villa,56,1960,-6 %,Aktuel værdi
Kragelundvænget 857080 Børkop,rkop,2.000.000,22-10-2008,Alm. Salg,10.000,6,Villa,200,2009,,Aktuel værdi
I. Verlingsvej 67080 Børkop,rkop,800.000,13-10-2008,Alm. Salg,4.519,5,Villa,177,2010,,Aktuel værdi
Hasselvang 847080 Børkop,rkop,612.000,13-10-2008,Alm. Salg,3.477,5,Villa,176,2014,,Aktuel værdi
Fjordvænget 227080 Børkop,rkop,1.781.847,09-10-2008,Andet,11.067,5,Villa,161,2001,,Aktuel værdi
Tårnet 47080 Børkop,rkop,1.595.000,07-10-2008,Alm. Salg,10.493,6,Villa,152,1980,-9 %,Aktuel værdi
Hasselvang 787080 Børkop,rkop,481.000,02-10-2008,Alm. Salg,3.006,4,Villa,160,2011,,Aktuel værdi
Elbækvej 157080 Børkop,rkop,1.450.000,30-09-2008,Alm. Salg,13.181,4,Villa,110,1958,-3 %,Aktuel værdi
Kildevej 147080 Børkop,rkop,2.630.000,29-09-2008,Alm. Salg,59.772,2,Sommerhus,44,1953,,Aktuel værdi
Kragelundvænget 8C7080 Børkop,rkop,1.600.000,23-09-2008,Alm. Salg,15.841,3,Rækkehus,101,2006,-6 %,Aktuel værdi
Hammervej 57080 Børkop,rkop,3.025.000,20-09-2008,Alm. Salg,15.125,6,Villa,200,1985,-5 %,Aktuel værdi
Munkevej 97080 Børkop,rkop,1.025.000,17-09-2008,Alm. Salg,6.925,6,Villa,148,1965,-21 %,Aktuel værdi
S. Stubsvej 277080 Børkop,rkop,3.000.000,15-09-2008,Alm. Salg,15.873,5,Villa,189,2008,-5 %,Aktuel værdi
Enghavegårdsvej 167080 Børkop,rkop,407.000,11-09-2008,Alm. Salg,3.420,4,Villa,119,2009,-77 %,Aktuel værdi
Fuglebakken 37080 Børkop,rkop,1.615.000,05-09-2008,Fam. Salg,23.071,3,Sommerhus,70,1974,,Aktuel værdi
Venusvej 77080 Børkop,rkop,1.450.000,04-09-2008,Alm. Salg,11.788,3,Villa,123,1974,-2 %,Aktuel værdi
Fjordvej 17080 Børkop,rkop,1.480.000,29-08-2008,Alm. Salg,22.424,3,Sommerhus,66,2003,-7 %,Aktuel værdi
Stationsvej 347080 Børkop,rkop,1.268.036,28-08-2008,Andet,9.323,3,Villa,136,2002,,Aktuel værdi
S. Stubsvej 347080 Børkop,rkop,3.500.000,27-08-2008,Alm. Salg,19.553,5,Villa,179,2008,-8 %,Aktuel værdi
I. Verlingsvej 47080 Børkop,rkop,817.778,25-08-2008,Alm. Salg,4.754,6,Villa,172,2009,,Aktuel værdi
Rønnevang 27080 Børkop,rkop,2.450.000,25-08-2008,Alm. Salg,16.442,5,Villa,149,2006,-6 %,Aktuel værdi
Kragelundvænget 77080 Børkop,rkop,3.495.000,25-08-2008,Alm. Salg,19.416,4,Villa,180,2008,,Aktuel værdi
Tangvej 57080 Børkop,rkop,1.248.113,15-08-2008,Alm. Salg,16.641,3,Sommerhus,75,1955,,Aktuel værdi
"Borgergade 1, 1. TV7080 Børkop",rkop,3.137.000,14-08-2008,Auktion,33.021,3,Lejlighed,95,1900,,Aktuel værdi
Stationsvej 69B7080 Børkop,rkop,807.893,14-08-2008,Alm. Salg,6.074,4,Villa,133,1961,,Aktuel værdi
Hasselvang 487080 Børkop,rkop,600.000,08-08-2008,Alm. Salg,2.790,6,Villa,215,2009,,Aktuel værdi
I. Verlingsvej 107080 Børkop,rkop,825.000,01-08-2008,Alm. Salg,4.508,6,Villa,183,2010,,Aktuel værdi
Lundbjergvej 1067080 Børkop,rkop,425.000,31-07-2008,Andet,3.863,7,Villa,110,1905,,Aktuel værdi
Birkevang 24D7080 Børkop,rkop,230.000,21-07-2008,Alm. Salg,5.476,2,Rækkehus,42,1967,,Aktuel værdi
Stationsvej 287080 Børkop,rkop,975.000,13-07-2008,Alm. Salg,11.607,3,Villa,84,1935,-9 %,Aktuel værdi
Skovgårdsparken 697080 Børkop,rkop,2.250.000,11-07-2008,Alm. Salg,13.636,5,Stuehus,165,1877,-25 %,
Poppelvang 147080 Børkop,rkop,1.660.000,09-07-2008,Alm. Salg,12.481,5,Villa,133,1971,-5 %,Aktuel værdi
Solkrogen 127080 Børkop,rkop,1.200.000,09-07-2008,Alm. Salg,13.793,4,Sommerhus,87,2011,-7 %,Aktuel værdi
"Vestergade 1B, ST. 1017080 Børkop",rkop,8.500.000,08-07-2008,Alm. Salg,59.859,3,Lejlighed,142,1921,,Aktuel værdi
Kæragervej 107080 Børkop,rkop,1.125.000,06-07-2008,Alm. Salg,9.072,5,Villa,124,1964,-2 %,Aktuel værdi
Skovbrynet 37080 Børkop,rkop,1.250.000,04-07-2008,Alm. Salg,10.964,4,Villa,114,1965,-10 %,Aktuel værdi
Buen 57080 Børkop,rkop,870.000,03-07-2008,Alm. Salg,10.609,3,Villa,82,1969,,Aktuel værdi
S. Stubsvej 507080 Børkop,rkop,925.000,02-07-2008,Alm. Salg,4.363,7,Villa,212,2009,,Aktuel værdi
Hvidbjerghusvej 107080 Børkop,rkop,4.760.000,27-06-2008,Alm. Salg,19.669,7,Villa,242,1900,,Aktuel værdi
Mads Madsens Vænge 207080 Børkop,rkop,1.800.000,27-06-2008,Alm. Salg,26.470,4,Sommerhus,68,1970,-10 %,Aktuel værdi
Strandhusvej 87080 Børkop,rkop,1.200.000,23-06-2008,Alm. Salg,26.086,4,Sommerhus,46,1951,-6 %,Aktuel værdi
Mads Madsens Vænge 637080 Børkop,rkop,4.450.000,18-06-2008,Alm. Salg,54.268,4,Sommerhus,82,2003,,Aktuel værdi
Villavej 47080 Børkop,rkop,1.545.000,18-06-2008,Alm. Salg,9.537,6,Villa,162,1937,-8 %,Aktuel værdi
Baldersvej 87080 Børkop,rkop,1.400.000,17-06-2008,Alm. Salg,14.583,3,Rækkehus,96,1978,-6 %,Aktuel værdi
Elbækvej 647080 Børkop,rkop,1.075.000,16-06-2008,Alm. Salg,14.930,3,Rækkehus,72,1997,-9 %,Aktuel værdi
Hvidbjergvej 667080 Børkop,rkop,2.337.600,16-06-2008,Fam. Salg,23.853,4,Sommerhus,98,1977,,Aktuel værdi
Overgaden 2I7080 Børkop,rkop,1.422.517,08-06-2008,Alm. Salg,15.632,3,Rækkehus,91,1996,,Aktuel værdi
"Chr Kellersvej 2L, 17080 Børkop",rkop,3.216.946,06-06-2008,Alm. Salg,-,4,Lejlighed,160,1899,,Aktuel værdi
"Chr Kellersvej 2M, 17080 Børkop",rkop,4.138.034,06-06-2008,Alm. Salg,-,3,Lejlighed,182,1899,,Aktuel værdi
"Chr Kellersvej 2L, 27080 Børkop",rkop,2.414.584,06-06-2008,Alm. Salg,-,3,Lejlighed,130,1899,,Aktuel værdi
Knudsvej 257080 Børkop,rkop,1.450.000,06-06-2008,Alm. Salg,14.500,4,Villa,100,1976,-2 %,Aktuel værdi
Amaliehaven 167080 Børkop,rkop,2.350.000,06-06-2008,Alm. Salg,15.666,6,Villa,150,2000,-6 %,Aktuel værdi
Rønnevang 427080 Børkop,rkop,2.700.000,01-06-2008,Alm. Salg,16.875,5,Villa,160,2007,-3 %,Aktuel værdi
"Chr Kellersvej 6C, 2. TV7080 Børkop",rkop,1.625.000,30-05-2008,Alm. Salg,17.287,1,Lejlighed,94,1920,0 %,Aktuel værdi
Enghavegårdsvej 287080 Børkop,rkop,600.000,29-05-2008,Alm. Salg,3.468,6,Villa,173,2009,-7 %,Aktuel værdi
Skovgårdsparken 537080 Børkop,rkop,1.350.000,21-05-2008,Alm. Salg,9.507,5,Villa,142,1978,-16 %,Aktuel værdi
S. Stubsvej 127080 Børkop,rkop,675.000,16-05-2008,Alm. Salg,3.970,5,Villa,170,2009,,Aktuel værdi
I. Verlingsvej 157080 Børkop,rkop,825.000,15-05-2008,Alm. Salg,4.583,6,Villa,180,2009,,Aktuel værdi
Mølletoften 167080 Børkop,rkop,1.500.000,15-05-2008,Alm. Salg,11.538,5,Villa,130,1975,-9 %,Aktuel værdi
Vigen 747080 Børkop,rkop,1.752.000,12-05-2008,Alm. Salg,21.900,4,Sommerhus,80,2010,,Aktuel værdi
Ouskær 207080 Børkop,rkop,1.150.000,12-05-2008,Alm. Salg,8.041,5,Villa,143,1850,-4 %,Aktuel værdi
S. Stubsvej 247080 Børkop,rkop,811.000,12-05-2008,Alm. Salg,4.180,6,Villa,194,2008,,Aktuel værdi
Hyldevej 97080 Børkop,rkop,1.500.000,10-05-2008,Alm. Salg,11.538,4,Villa,130,1976,-5 %,Aktuel værdi
Rønnevang 447080 Børkop,rkop,2.750.000,08-05-2008,Alm. Salg,16.975,5,Villa,162,2006,-4 %,Aktuel værdi
Sellerup Strandvej 727080 Børkop,rkop,1.275.000,05-05-2008,Fam. Salg,20.238,3,Sommerhus,63,1982,,Aktuel værdi
Nyboesgade 207080 Børkop,rkop,1.440.000,05-05-2008,Alm. Salg,9.000,6,Villa,160,1930,-4 %,Aktuel værdi
Strandengen 67080 Børkop,rkop,2.700.000,02-05-2008,Alm. Salg,36.986,3,Sommerhus,73,1957,-3 %,Aktuel værdi
Kragelundvænget 1077080 Børkop,rkop,1.450.000,30-04-2008,Fam. Salg,6.904,4,Villa,210,2007,,Aktuel værdi
Birkevang 22A7080 Børkop,rkop,380.000,29-04-2008,Alm. Salg,8.837,2,Rækkehus,43,1967,,Aktuel værdi
Larsens Plads 27080 Børkop,rkop,1.740.000,23-04-2008,Alm. Salg,25.217,3,Sommerhus,69,1996,-1 %,Aktuel værdi
M. Altersvej 127080 Børkop,rkop,725.000,22-04-2008,Alm. Salg,5.105,5,Villa,142,2009,,Aktuel værdi
Skovgårdsparken 547080 Børkop,rkop,452.672,22-04-2008,Andet,3.509,4,Villa,129,1979,,Aktuel værdi
M. Altersvej 27080 Børkop,rkop,650.000,21-04-2008,Alm. Salg,2.742,5,Villa,237,2009,,Aktuel værdi
Høllvej 1157080 Børkop,rkop,1.100.000,17-04-2008,Alm. Salg,16.176,4,Villa,68,1961,-6 %,Aktuel værdi
Rønnevang 257080 Børkop,rkop,2.500.000,09-04-2008,Alm. Salg,17.730,4,Villa,141,2000,-1 %,Aktuel værdi
Bjerrevænget 177080 Børkop,rkop,1.400.000,07-04-2008,Alm. Salg,10.000,5,Villa,140,1979,-12 %,Aktuel værdi
Dagmarsvej 277080 Børkop,rkop,2.325.000,07-04-2008,Alm. Salg,16.607,4,Villa,140,1997,-3 %,Aktuel værdi
S. Stubsvej 197080 Børkop,rkop,600.000,07-04-2008,Alm. Salg,2.926,7,Villa,205,2008,,Aktuel værdi
Egevang 97080 Børkop,rkop,1.325.000,07-04-2008,Alm. Salg,15.588,4,Villa,85,1965,-4 %,Aktuel værdi
Fjordvænget 287080 Børkop,rkop,4.100.000,05-04-2008,Alm. Salg,22.777,5,Villa,180,2004,-5 %,Aktuel værdi
Vandværksvej 307080 Børkop,rkop,1.900.000,04-04-2008,Alm. Salg,21.590,4,Villa,88,1960,-9 %,Aktuel værdi
Andkær Bygade 87080 Børkop,rkop,925.000,31-03-2008,Alm. Salg,4.625,8,Villa,200,1900,-3 %,Aktuel værdi
Rønnevang 627080 Børkop,rkop,2.685.000,27-03-2008,Alm. Salg,18.141,5,Villa,148,2001,,Aktuel værdi
Tjørnevej 87080 Børkop,rkop,782.002,27-03-2008,Alm. Salg,4.494,6,Villa,174,1970,,Aktuel værdi
Andkær Bygade 13H7080 Børkop,rkop,530.000,26-03-2008,Alm. Salg,3.251,5,Villa,163,2009,-11 %,Aktuel værdi
M. Altersvej 17080 Børkop,rkop,633.500,26-03-2008,Alm. Salg,4.035,5,Villa,157,2010,,Aktuel værdi
M. Altersvej 137080 Børkop,rkop,626.110,26-03-2008,Alm. Salg,4.230,5,Villa,148,2009,,Aktuel værdi
Vinkelvej 47080 Børkop,rkop,1.575.000,17-03-2008,Alm. Salg,13.347,4,Villa,118,1962,0 %,Aktuel værdi
Rønnevang 87080 Børkop,rkop,2.998.000,14-03-2008,Alm. Salg,16.118,5,Villa,186,2004,0 %,Aktuel værdi
Fredericiavej 4357080 Børkop,rkop,650.000,14-03-2008,Alm. Salg,4.140,6,Villa,157,1929,,Aktuel værdi
Solbakken 267080 Børkop,rkop,1.775.000,13-03-2008,Alm. Salg,19.293,4,Sommerhus,92,1968,-4 %,Aktuel værdi
"Søndergade 14, 1. TV7080 Børkop",rkop,3.251.000,12-03-2008,Alm. Salg,41.679,2,Lejlighed,78,1959,,Aktuel værdi
Bystedparken 347080 Børkop,rkop,2.300.000,01-03-2008,Alm. Salg,13.609,6,Villa,169,2000,-2 %,Aktuel værdi
Amaliehaven 397080 Børkop,rkop,2.875.000,22-02-2008,Alm. Salg,20.104,4,Villa,143,2000,-1 %,Aktuel værdi
Andkær Bygade 157080 Børkop,rkop,1.050.000,22-02-2008,Alm. Salg,12.500,3,Villa,84,1952,,Aktuel værdi
Hebovænget 77080 Børkop,rkop,1.258.000,19-02-2008,Alm. Salg,9.250,5,Villa,136,1965,,Aktuel værdi
Hyldevej 67080 Børkop,rkop,757.500,18-02-2008,Andet,4.794,5,Villa,158,1969,,Aktuel værdi
Hasselvang 367080 Børkop,rkop,511.075,18-02-2008,Alm. Salg,3.194,6,Villa,160,2009,-23 %,Aktuel værdi
Gormsvej 117080 Børkop,rkop,1.150.000,14-02-2008,Alm. Salg,11.057,4,Villa,104,1973,-4 %,Aktuel værdi
Mølletoften 38B7080 Børkop,rkop,1.360.000,13-02-2008,Alm. Salg,7.906,5,Villa,172,1972,-8 %,Aktuel værdi
Høgevej 97080 Børkop,rkop,1.800.000,13-02-2008,Alm. Salg,10.714,5,Villa,168,1973,-5 %,Aktuel værdi
Toftevej 2A7080 Børkop,rkop,850.000,11-02-2008,Alm. Salg,11.643,2,Rækkehus,73,1981,,Aktuel værdi
Overbyparken 117080 Børkop,rkop,2.600.000,05-02-2008,Alm. Salg,16.666,4,Villa,156,2000,-7 %,Aktuel værdi
M. Altersvej 177080 Børkop,rkop,851.200,05-02-2008,Alm. Salg,4.782,5,Villa,178,2009,,Aktuel værdi
Overgaden 2A7080 Børkop,rkop,1.875.000,05-02-2008,Alm. Salg,15.495,3,Villa,121,2000,-1 %,Aktuel værdi
Østergårdsvej 57080 Børkop,rkop,650.000,01-02-2008,Fam. Salg,5.963,4,Villa,109,1964,,Aktuel værdi
Vestergade 167080 Børkop,rkop,1.975.000,31-01-2008,Alm. Salg,16.322,5,Villa,121,1950,-1 %,Aktuel værdi
Rosenvej 1E7080 Børkop,rkop,985.000,31-01-2008,Alm. Salg,14.485,2,Rækkehus,68,1990,,Aktuel værdi
Bøgevang 117080 Børkop,rkop,1.750.000,28-01-2008,Alm. Salg,11.290,4,Villa,155,1965,-4 %,Aktuel værdi
Møllegårdsvej 97080 Børkop,rkop,7.400.000,28-01-2008,Alm. Salg,31.092,12,Villa,238,1905,,Aktuel værdi
Rønnevang 157080 Børkop,rkop,2.400.000,28-01-2008,Alm. Salg,16.107,5,Villa,149,1997,-4 %,Aktuel værdi
Kragelundvænget 2D7080 Børkop,rkop,1.560.000,17-01-2008,Alm. Salg,15.445,3,Rækkehus,101,2008,,Aktuel værdi
M. Altersvej 37080 Børkop,rkop,650.100,17-01-2008,Alm. Salg,4.167,6,Villa,156,2009,,Aktuel værdi
Krokusvej 187080 Børkop,rkop,935.000,16-01-2008,Alm. Salg,20.777,3,Sommerhus,45,1952,,Aktuel værdi
Møllegade 27A7080 Børkop,rkop,1.300.000,15-01-2008,Alm. Salg,13.978,4,Lejlighed,93,2007,,Aktuel værdi
Kragelundvænget 4B7080 Børkop,rkop,1.560.000,15-01-2008,Alm. Salg,15.445,3,Rækkehus,101,2008,,Aktuel værdi
Munkebo 17080 Børkop,rkop,1.720.000,15-01-2008,Alm. Salg,12.554,3,Villa,137,1973,-3 %,Aktuel værdi
Gårslev Østergade 217080 Børkop,rkop,1.345.000,09-01-2008,Alm. Salg,19.214,3,Villa,70,1907,,Aktuel værdi
Børkop Skovvej 1397080 Børkop,rkop,75.000,08-01-2008,Alm. Salg,334,8,Stuehus,224,1979,,
Kragelundvænget 2C7080 Børkop,rkop,1.560.000,07-01-2008,Alm. Salg,15.445,3,Rækkehus,101,2008,,Aktuel værdi
S. Stubsvej 117080 Børkop,rkop,600.000,07-01-2008,Alm. Salg,3.468,6,Villa,173,2008,,Aktuel værdi
Vestergade 227080 Børkop,rkop,2.500.000,06-01-2008,Alm. Salg,14.124,6,Villa,177,1900,-7 %,Aktuel værdi
Skovgårdsparken 77080 Børkop,rkop,649.322,05-01-2008,Andet,6.907,4,Rækkehus,94,1983,,Aktuel værdi
Enggade 107080 Børkop,rkop,1.050.000,04-01-2008,Alm. Salg,11.666,4,Villa,90,1927,-4 %,Aktuel værdi
Rosenstien 117080 Børkop,rkop,850.000,28-12-2007,Fam. Salg,13.934,2,Sommerhus,61,1933,,Aktuel værdi
Fjordvænget 47080 Børkop,rkop,3.230.000,28-12-2007,Alm. Salg,22.430,5,Villa,144,2005,,Aktuel værdi
S. Stubsvej 337080 Børkop,rkop,775.000,27-12-2007,Alm. Salg,5.698,4,Villa,136,2011,,Aktuel værdi
Bystedparken 37080 Børkop,rkop,2.049.000,20-12-2007,Alm. Salg,15.883,3,Villa,129,1998,-5 %,Aktuel værdi
Bystedvænget 8A7080 Børkop,rkop,1.740.000,20-12-2007,Alm. Salg,11.917,4,Villa,146,1988,-3 %,Aktuel værdi
Søndervænget 197080 Børkop,rkop,1.500.000,19-12-2007,Alm. Salg,9.316,4,Villa,161,1974,-3 %,Aktuel værdi
S. Stubsvej 17080 Børkop,rkop,604.000,17-12-2007,Alm. Salg,3.573,5,Villa,169,2008,,Aktuel værdi
Enghavegårdsvej 327080 Børkop,rkop,362.500,13-12-2007,Alm. Salg,2.607,5,Villa,139,2009,,Aktuel værdi
Kragelundvænget 4F7080 Børkop,rkop,1.560.000,13-12-2007,Alm. Salg,15.445,3,Rækkehus,101,2008,0 %,Aktuel værdi
Overgaden 2K7080 Børkop,rkop,1.295.000,12-12-2007,Alm. Salg,14.230,3,Rækkehus,91,1996,-7 %,Aktuel værdi
Møllegade 17080 Børkop,rkop,1.600.000,10-12-2007,Alm. Salg,14.159,4,Rækkehus,113,2007,-3 %,Aktuel værdi
Rønnevang 347080 Børkop,rkop,1.830.000,10-12-2007,Alm. Salg,16.636,4,Villa,110,2006,-3 %,Aktuel værdi
Andkær Bygade 27080 Børkop,rkop,934.213,04-12-2007,Fam. Salg,6.578,4,Villa,142,1932,,Aktuel værdi
Munkevej 87080 Børkop,rkop,1.345.000,03-12-2007,Alm. Salg,11.024,4,Villa,122,1975,0 %,Aktuel værdi
Damsbo 37080 Børkop,rkop,2.175.000,03-12-2007,Alm. Salg,14.500,6,Villa,150,1978,0 %,Aktuel værdi
S. Stubsvej 37080 Børkop,rkop,575.000,29-11-2007,Alm. Salg,3.639,5,Villa,158,2009,,Aktuel værdi
Mads Madsens Vænge 377080 Børkop,rkop,760.000,29-11-2007,Alm. Salg,12.666,2,Sommerhus,60,1994,,Aktuel værdi
Fjordvej 327080 Børkop,rkop,510.000,26-11-2007,Alm. Salg,6.710,4,Sommerhus,76,1985,,Aktuel værdi
J.P. Skovsvej 57080 Børkop,rkop,633.500,20-11-2007,Alm. Salg,3.839,5,Villa,165,2008,,Aktuel værdi
Fælleshåbsvej 157080 Børkop,rkop,800.000,20-11-2007,Alm. Salg,3.333,8,Stuehus,240,1880,,
S. Stubsvej 167080 Børkop,rkop,955.000,20-11-2007,Alm. Salg,5.276,4,Villa,181,2009,,Aktuel værdi
S. Stubsvej 107080 Børkop,rkop,887.000,20-11-2007,Alm. Salg,3.058,8,Villa,290,2014,,Aktuel værdi
S. Stubsvej 187080 Børkop,rkop,1.063.000,20-11-2007,Alm. Salg,5.236,6,Villa,203,2011,,Aktuel værdi
S. Stubsvej 207080 Børkop,rkop,938.500,20-11-2007,Alm. Salg,6.472,5,Villa,145,2010,,Aktuel værdi
Fjordparken 187080 Børkop,rkop,1.300.000,16-11-2007,Alm. Salg,18.309,4,Sommerhus,71,1974,-7 %,Aktuel værdi
Sønderskovvej 47080 Børkop,rkop,1.050.000,16-11-2007,Alm. Salg,4.525,11,Stuehus,232,1866,,
Sommerstien 27080 Børkop,rkop,1.275.000,15-11-2007,Fam. Salg,15.000,4,Sommerhus,85,1982,,Aktuel værdi
Svendsgade 117080 Børkop,rkop,1.356.500,13-11-2007,Alm. Salg,11.594,5,Villa,117,1964,-9 %,Aktuel værdi
B. Berthelsensvej 347080 Børkop,rkop,537.750,12-11-2007,Alm. Salg,3.925,6,Villa,137,2008,,Aktuel værdi
Industrivej 117080 Børkop,rkop,1.600.000,12-11-2007,Alm. Salg,14.814,4,Villa,108,1967,-4 %,Aktuel værdi
Bystedparken 817080 Børkop,rkop,495.000,12-11-2007,Alm. Salg,2.525,6,Villa,196,2009,0 %,Aktuel værdi
Violvej 17080 Børkop,rkop,2.500.000,07-11-2007,Alm. Salg,25.773,4,Sommerhus,97,2010,,Aktuel værdi
Fuglebakken 227080 Børkop,rkop,1.800.000,07-11-2007,Alm. Salg,21.176,5,Sommerhus,85,1963,-8 %,Aktuel værdi
Bækkelund 17080 Børkop,rkop,1.650.000,05-11-2007,Alm. Salg,10.714,4,Villa,154,1825,,Aktuel værdi
Sommerstien 147080 Børkop,rkop,739.500,05-11-2007,Fam. Salg,13.445,3,Sommerhus,55,1964,,Aktuel værdi
Hasselvang 237080 Børkop,rkop,840.000,05-11-2007,Alm. Salg,5.675,4,Villa,148,2009,,Aktuel værdi
Gårslev Østergade 77080 Børkop,rkop,935.000,03-11-2007,Alm. Salg,10.274,4,Villa,91,1877,,Aktuel værdi
Mosegårdsvej 1527080 Børkop,rkop,325.000,02-11-2007,Alm. Salg,1.562,8,Villa,208,1939,,Aktuel værdi
Høllsmindevej 47080 Børkop,rkop,289.898,01-11-2007,Fam. Salg,4.201,4,Sommerhus,69,1969,,Aktuel værdi
Borggårdsparken 607080 Børkop,rkop,2.100.000,30-10-2007,Alm. Salg,12.727,5,Villa,165,1980,-7 %,Aktuel værdi
Syrenvej 1D7080 Børkop,rkop,1.795.000,29-10-2007,Alm. Salg,10.878,5,Villa,165,1972,0 %,Aktuel værdi
Industrivej 1037080 Børkop,rkop,230.000,25-10-2007,Andet,836,7,Villa,275,1936,,Aktuel værdi
Industrivej 1057080 Børkop,rkop,230.000,25-10-2007,Andet,1.642,5,Villa,140,1861,,Aktuel værdi
Fuglebakken 177080 Børkop,rkop,531.250,25-10-2007,Fam. Salg,6.724,4,Sommerhus,79,1974,,Aktuel værdi
Poppelvang 117080 Børkop,rkop,1.250.000,22-10-2007,Alm. Salg,12.500,4,Villa,100,1970,,Aktuel værdi
Industrivej 247080 Børkop,rkop,1.100.000,22-10-2007,Fam. Salg,9.166,5,Villa,120,1978,,Aktuel værdi
Solkrogen 37080 Børkop,rkop,425.000,22-10-2007,Fam. Salg,8.500,3,Sommerhus,50,1965,,Aktuel værdi
B. Berthelsensvej 167080 Børkop,rkop,601.000,16-10-2007,Alm. Salg,3.598,6,Villa,167,2008,,Aktuel værdi
Brøndsted Møllevej 1207080 Børkop,rkop,1.495.000,16-10-2007,Alm. Salg,13.468,4,Villa,111,1875,0 %,Aktuel værdi
Kragelundvænget 427080 Børkop,rkop,2.825.000,12-10-2007,Alm. Salg,16.715,6,Villa,169,2004,-5 %,Aktuel værdi
Borggårdsparken 477080 Børkop,rkop,1.970.000,11-10-2007,Alm. Salg,13.401,4,Villa,147,1979,-1 %,Aktuel værdi
Vibevej 247080 Børkop,rkop,1.605.000,08-10-2007,Alm. Salg,6.577,8,Villa,244,1973,-5 %,Aktuel værdi
Brejning Vestergade 57080 Børkop,rkop,1.137.500,08-10-2007,Alm. Salg,8.488,4,Villa,134,1963,-9 %,Aktuel værdi
Poppelvej 67080 Børkop,rkop,1.240.000,07-10-2007,Fam. Salg,17.222,4,Sommerhus,72,1991,,Aktuel værdi
Johs. Jensensvej 187080 Børkop,rkop,875.000,05-10-2007,Alm. Salg,17.857,3,Sommerhus,49,1967,-8 %,Aktuel værdi
Fasanvej 47080 Børkop,rkop,1.995.000,04-10-2007,Alm. Salg,8.986,10,Villa,222,1971,0 %,Aktuel værdi
Fuglebakken 167080 Børkop,rkop,900.000,04-10-2007,Alm. Salg,27.272,4,Sommerhus,33,1964,-3 %,Aktuel værdi
Elmevej 117080 Børkop,rkop,1.500.000,02-10-2007,Alm. Salg,12.711,4,Villa,118,1972,,Aktuel værdi
Bystedparken 657080 Børkop,rkop,287.000,01-10-2007,Alm. Salg,1.471,6,Villa,195,2008,,Aktuel værdi
S. Stubsvej 87080 Børkop,rkop,782.000,01-10-2007,Alm. Salg,4.797,5,Villa,163,2009,,Aktuel værdi
Høllsmindevej 147080 Børkop,rkop,1.000.000,01-10-2007,Alm. Salg,-,3,Sommerhus,56,1932,,Aktuel værdi
Fjordvænget 97080 Børkop,rkop,1.100.000,30-09-2007,Alm. Salg,5.140,5,Villa,214,2015,,Aktuel værdi
Industrivej 767080 Børkop,rkop,1.600.000,28-09-2007,Alm. Salg,13.333,4,Villa,120,1985,,Aktuel værdi
Vinkelvej 17080 Børkop,rkop,573.800,25-09-2007,Alm. Salg,4.627,5,Villa,124,1900,,Aktuel værdi
Poppelvej 87080 Børkop,rkop,600.000,25-09-2007,Fam. Salg,14.285,3,Sommerhus,42,1968,,Aktuel værdi
B. Berthelsensvej 367080 Børkop,rkop,537.000,24-09-2007,Alm. Salg,3.356,5,Villa,160,2008,,Aktuel værdi
Kirkegade 87080 Børkop,rkop,2.067.000,21-09-2007,Alm. Salg,12.017,5,Villa,172,1932,-6 %,Aktuel værdi
Skolegade 117080 Børkop,rkop,1.650.000,17-09-2007,Alm. Salg,15.000,3,Villa,110,1877,0 %,Aktuel værdi
Damsbo 67080 Børkop,rkop,1.480.000,17-09-2007,Alm. Salg,12.758,4,Villa,116,1978,-3 %,Aktuel værdi
Hammervej 17080 Børkop,rkop,2.150.000,17-09-2007,Alm. Salg,12.146,5,Villa,177,1973,-2 %,Aktuel værdi
S. Stubsvej 157080 Børkop,rkop,600.000,03-09-2007,Alm. Salg,2.690,8,Villa,223,2008,,Aktuel værdi
Kragelundvænget 937080 Børkop,rkop,681.000,03-09-2007,Alm. Salg,3.338,7,Villa,204,2009,,Aktuel værdi
Kragelundvænget 1277080 Børkop,rkop,1.785.000,03-09-2007,Alm. Salg,8.341,7,Villa,214,2007,,Aktuel værdi
Rønnevang 327080 Børkop,rkop,2.150.000,01-09-2007,Fam. Salg,13.190,4,Villa,163,2004,,Aktuel værdi
Kragelundvænget 17080 Børkop,rkop,3.175.000,27-08-2007,Alm. Salg,18.142,6,Villa,175,2006,0 %,Aktuel værdi
Munkedalen 67080 Børkop,rkop,1.565.000,25-08-2007,Alm. Salg,11.178,4,Villa,140,1971,-3 %,Aktuel værdi
Lilholtparken 137080 Børkop,rkop,2.785.000,22-08-2007,Alm. Salg,16.382,5,Villa,170,1997,0 %,Aktuel værdi
Mejsevej 157080 Børkop,rkop,2.180.000,22-08-2007,Alm. Salg,15.460,4,Villa,141,1973,,Aktuel værdi
Duevej 47080 Børkop,rkop,1.825.000,14-08-2007,Alm. Salg,24.662,3,Sommerhus,74,1971,-9 %,Aktuel værdi
Strandhusvej 137080 Børkop,rkop,833.000,12-08-2007,Fam. Salg,16.333,3,Sommerhus,51,2008,,Aktuel værdi
Kirstinesvej 57080 Børkop,rkop,1.330.000,10-08-2007,Alm. Salg,22.166,4,Sommerhus,60,1977,,Aktuel værdi
"Chr Kellersvej 6A, 1. TV7080 Børkop",rkop,2.260.000,09-08-2007,Alm. Salg,15.694,1,Lejlighed,144,1920,,Aktuel værdi
Hvidbjerghusvej 187080 Børkop,rkop,4.600.000,03-08-2007,Fam. Salg,46.938,6,Sommerhus,98,1920,0 %,Aktuel værdi
S. Stubsvej 447080 Børkop,rkop,757.000,01-08-2007,Alm. Salg,3.537,5,Villa,214,2009,,Aktuel værdi
Kraggyden 57080 Børkop,rkop,625.000,30-07-2007,Alm. Salg,12.500,3,Villa,50,1850,-10 %,Aktuel værdi
Vandværksvej 357080 Børkop,rkop,5.050.000,28-07-2007,Alm. Salg,20.528,4,Stuehus,246,2009,-3 %,
Borgvold 57080 Børkop,rkop,1.180.000,26-07-2007,Alm. Salg,9.833,4,Villa,120,1978,-5 %,Aktuel værdi
Hvidbjerghusvej 237080 Børkop,rkop,1.785.000,24-07-2007,Alm. Salg,20.755,5,Sommerhus,86,1915,,Aktuel værdi
Dagmarsvej 397080 Børkop,rkop,2.335.000,23-07-2007,Alm. Salg,17.043,6,Villa,137,1998,0 %,Aktuel værdi
Skovbyvej 20H7080 Børkop,rkop,2.275.000,20-07-2007,Alm. Salg,16.134,4,Villa,141,1998,,Aktuel værdi
Karl Tømrersvej 37080 Børkop,rkop,1.305.000,16-07-2007,Alm. Salg,13.181,4,Villa,99,1966,-2 %,Aktuel værdi
Mølleparken 187080 Børkop,rkop,3.125.000,16-07-2007,Alm. Salg,16.801,7,Villa,186,2006,-2 %,Aktuel værdi
S. Stubsvej 57080 Børkop,rkop,575.000,15-07-2007,Alm. Salg,3.058,5,Villa,188,2009,,Aktuel værdi
Bystedparken 267080 Børkop,rkop,2.400.000,14-07-2007,Alm. Salg,15.789,5,Villa,152,2001,,Aktuel værdi
Elbækvej 447080 Børkop,rkop,1.425.000,10-07-2007,Alm. Salg,12.954,3,Villa,110,1951,-3 %,Aktuel værdi
Mads Madsens Vænge 537080 Børkop,rkop,1.798.000,06-07-2007,Alm. Salg,21.926,3,Sommerhus,82,1963,,Aktuel værdi
Amaliegade 9H7080 Børkop,rkop,1.332.500,05-07-2007,Alm. Salg,16.250,3,Rækkehus,82,2002,,Aktuel værdi
Overbyvej 47080 Børkop,rkop,1.730.000,05-07-2007,Alm. Salg,9.558,5,Villa,181,1972,,Aktuel værdi
Krokusvej 107080 Børkop,rkop,1.400.000,04-07-2007,Fam. Salg,22.222,4,Sommerhus,63,1981,,Aktuel værdi
Lilholtparken 107080 Børkop,rkop,2.600.000,04-07-2007,Alm. Salg,17.567,3,Villa,148,1998,-4 %,Aktuel værdi
Sønderskovvej 1027080 Børkop,rkop,825.000,28-06-2007,Alm. Salg,6.297,2,Villa,131,1777,0 %,Aktuel værdi
Lodsvej 1437080 Børkop,rkop,800.000,25-06-2007,Alm. Salg,20.512,2,Sommerhus,39,1963,,Aktuel værdi
Klosterbakken 327080 Børkop,rkop,2.100.000,25-06-2007,Alm. Salg,13.461,5,Villa,156,1971,0 %,Aktuel værdi
Plutovej 137080 Børkop,rkop,1.725.000,23-06-2007,Alm. Salg,10.781,6,Villa,160,1973,-1 %,Aktuel værdi
Kragelundvænget 4G7080 Børkop,rkop,1.560.000,21-06-2007,Alm. Salg,15.445,3,Rækkehus,101,2008,,Aktuel værdi
B. Berthelsensvej 27080 Børkop,rkop,597.381,21-06-2007,Alm. Salg,3.177,6,Villa,188,2008,,Aktuel værdi
S. Stubsvej 77080 Børkop,rkop,583.000,21-06-2007,Alm. Salg,3.912,6,Villa,149,2008,,Aktuel værdi
S. Stubsvej 47080 Børkop,rkop,615.300,21-06-2007,Alm. Salg,3.598,5,Villa,171,2008,,Aktuel værdi
B. Berthelsensvej 47080 Børkop,rkop,602.650,21-06-2007,Alm. Salg,3.424,5,Villa,176,2011,,Aktuel værdi
Bystedparken 487080 Børkop,rkop,2.695.000,20-06-2007,Alm. Salg,17.056,5,Villa,158,2007,0 %,Aktuel værdi
Borggårdsparken 767080 Børkop,rkop,2.350.000,20-06-2007,Alm. Salg,18.076,4,Villa,130,1980,0 %,Aktuel værdi
Engdraget 107080 Børkop,rkop,1.425.000,19-06-2007,Alm. Salg,12.954,4,Villa,110,1967,,Aktuel værdi
Lodsvej 1417080 Børkop,rkop,900.000,19-06-2007,Alm. Salg,15.254,2,Sommerhus,59,1961,-10 %,Aktuel værdi
Overgaden 147080 Børkop,rkop,1.195.000,18-06-2007,Alm. Salg,7.861,6,Villa,152,1875,,Aktuel værdi
Mads Madsens Vænge 127080 Børkop,rkop,2.375.000,18-06-2007,Alm. Salg,22.836,4,Sommerhus,104,2003,-8 %,Aktuel værdi
V. Borgenvej 10C7080 Børkop,rkop,500.000,15-06-2007,Fam. Salg,4.545,5,Sommerhus,110,2007,,Aktuel værdi
V. Borgenvej 10D7080 Børkop,rkop,500.000,15-06-2007,Fam. Salg,5.434,4,Sommerhus,92,2007,,Aktuel værdi
Ved Hegnet 147080 Børkop,rkop,1.020.000,12-06-2007,Fam. Salg,18.888,3,Sommerhus,54,1998,,Aktuel værdi
Høllvej 1127080 Børkop,rkop,3.795.000,11-06-2007,Alm. Salg,22.323,7,Stuehus,170,1867,8 %,
Marius Mikkelsensvej 77080 Børkop,rkop,3.988.000,10-06-2007,Alm. Salg,59.522,4,Sommerhus,67,1931,,Aktuel værdi
Solitudevej 147080 Børkop,rkop,1.775.000,08-06-2007,Alm. Salg,12.326,5,Villa,144,1972,,Aktuel værdi
Høllsmindevej 327080 Børkop,rkop,600.000,08-06-2007,Alm. Salg,16.666,2,Sommerhus,36,1957,,Aktuel værdi
Birkevang 47080 Børkop,rkop,1.235.000,07-06-2007,Alm. Salg,12.474,4,Villa,99,1966,-4 %,Aktuel værdi
Bystedparken 937080 Børkop,rkop,265.000,06-06-2007,Alm. Salg,1.625,6,Villa,163,2008,,Aktuel værdi
Bundsgaard 30B7080 Børkop,rkop,1.850.000,04-06-2007,Alm. Salg,15.040,4,Rækkehus,123,2007,0 %,Aktuel værdi
"Chr Kellersvej 2N, 27080 Børkop",rkop,2.589.274,04-06-2007,Alm. Salg,-,4,Lejlighed,127,1899,,Aktuel værdi
Kragelundvænget 2K7080 Børkop,rkop,1.560.000,30-05-2007,Alm. Salg,15.445,3,Rækkehus,101,2007,,Aktuel værdi
Niels Pedersensvej 147080 Børkop,rkop,3.050.000,29-05-2007,Alm. Salg,61.000,3,Sommerhus,50,1973,-5 %,Aktuel værdi
Borgergade 87080 Børkop,rkop,1.535.000,24-05-2007,Alm. Salg,7.675,7,Villa,200,1900,,Aktuel værdi
Irisvej 47080 Børkop,rkop,1.315.000,24-05-2007,Alm. Salg,12.766,4,Villa,103,1965,,Aktuel værdi
Bundsgaard 22B7080 Børkop,rkop,1.850.000,23-05-2007,Alm. Salg,14.453,4,Rækkehus,128,2007,,Aktuel værdi
Høgevej 17080 Børkop,rkop,1.785.000,16-05-2007,Alm. Salg,12.395,6,Villa,144,1975,-4 %,Aktuel værdi
Hasselvang 507080 Børkop,rkop,461.000,15-05-2007,Alm. Salg,2.376,7,Villa,194,2008,,Aktuel værdi
Hasselvang 467080 Børkop,rkop,475.000,14-05-2007,Alm. Salg,3.166,5,Villa,150,2007,,Aktuel værdi
"Brejning Søndergade 44, 1. 97080 Børkop",rkop,690.000,13-05-2007,Alm. Salg,9.718,2,Lejlighed,71,1979,,Aktuel værdi
Falkevej 17080 Børkop,rkop,1.540.000,10-05-2007,Alm. Salg,12.419,4,Villa,124,1973,,Aktuel værdi
Munkedalen 157080 Børkop,rkop,500.000,08-05-2007,Fam. Salg,3.144,4,Villa,159,1973,,Aktuel værdi
Sellerupvej 457080 Børkop,rkop,1.100.000,07-05-2007,Alm. Salg,10.576,4,Villa,104,1990,,Aktuel værdi
Nørrelyst 137080 Børkop,rkop,1.350.000,01-05-2007,Alm. Salg,12.500,3,Villa,108,1968,,Aktuel værdi
Kragelundvænget 2F7080 Børkop,rkop,1.560.000,30-04-2007,Alm. Salg,15.445,3,Rækkehus,101,2007,,Aktuel værdi
Borggårdsparken 1127080 Børkop,rkop,2.025.000,30-04-2007,Alm. Salg,13.410,5,Villa,151,1980,,Aktuel værdi
Arnoldsvej 97080 Børkop,rkop,1.455.000,30-04-2007,Alm. Salg,10.858,5,Villa,134,1963,,Aktuel værdi
Gauerslund Skovvej 1107080 Børkop,rkop,2.800.000,26-04-2007,Alm. Salg,18.064,5,Villa,155,1920,,Aktuel værdi
J.L. Varmingsvej 137080 Børkop,rkop,2.520.000,25-04-2007,Alm. Salg,19.236,4,Rækkehus,131,2009,,Aktuel værdi
Johs. Jensensvej 167080 Børkop,rkop,850.000,24-04-2007,Alm. Salg,20.731,3,Sommerhus,41,1962,0 %,Aktuel værdi
Egevang 197080 Børkop,rkop,1.140.000,17-04-2007,Alm. Salg,9.913,4,Villa,115,1965,-11 %,Aktuel værdi
Høllvej 1237080 Børkop,rkop,1.450.000,16-04-2007,Alm. Salg,11.885,4,Villa,122,1972,,Aktuel værdi
Båskærvej 217080 Børkop,rkop,2.500.000,12-04-2007,Alm. Salg,23.148,4,Sommerhus,108,1972,-7 %,Aktuel værdi
Fredericiavej 4617080 Børkop,rkop,1.928.000,12-04-2007,Alm. Salg,9.989,5,Villa,193,1910,,Aktuel værdi
Industrivej 387080 Børkop,rkop,2.700.000,07-04-2007,Alm. Salg,22.500,7,Villa,120,1977,,Aktuel værdi
Østergårdsvej 67080 Børkop,rkop,1.300.000,06-04-2007,Alm. Salg,11.304,4,Villa,115,1963,,Aktuel værdi
Villavej 127080 Børkop,rkop,1.785.000,03-04-2007,Alm. Salg,11.516,4,Villa,155,1933,,Aktuel værdi
Spurvevænget 37080 Børkop,rkop,430.000,02-04-2007,Alm. Salg,3.839,3,Sommerhus,112,2008,,Aktuel værdi
Mågevej 37080 Børkop,rkop,1.640.000,02-04-2007,Alm. Salg,14.642,3,Villa,112,1968,,Aktuel værdi
Kragelundvænget 387080 Børkop,rkop,2.280.000,27-03-2007,Alm. Salg,13.652,4,Villa,167,2002,-4 %,Aktuel værdi
Dagmarsvej 187080 Børkop,rkop,2.350.000,26-03-2007,Alm. Salg,14.071,3,Villa,167,1987,0 %,Aktuel værdi
Kirstinesvej 107080 Børkop,rkop,918.750,23-03-2007,Alm. Salg,14.818,4,Sommerhus,62,1979,,Aktuel værdi
Kragholmvej 17080 Børkop,rkop,582.259,15-03-2007,Andet,2.940,4,Villa,198,1965,,Aktuel værdi
Fuglebakken 187080 Børkop,rkop,437.500,06-03-2007,Alm. Salg,-,4,Sommerhus,45,1977,,Aktuel værdi
Toftevej 4A7080 Børkop,rkop,1.030.000,01-03-2007,Alm. Salg,10.404,4,Rækkehus,99,1949,-14 %,Aktuel værdi
Nørrelyst 227080 Børkop,rkop,1.250.000,28-02-2007,Alm. Salg,9.259,6,Villa,135,1952,-2 %,Aktuel værdi
Mølletoften 27080 Børkop,rkop,1.452.000,27-02-2007,Alm. Salg,7.117,6,Villa,204,1974,,Aktuel værdi
Fjordvænget 147080 Børkop,rkop,2.230.000,19-02-2007,Andet,11.554,4,Villa,193,2004,,Aktuel værdi
Dagmarsvej 347080 Børkop,rkop,2.295.000,17-02-2007,Alm. Salg,15.937,5,Villa,144,1996,-4 %,Aktuel værdi
Niels Pedersensvej 197080 Børkop,rkop,1.625.000,15-02-2007,Alm. Salg,23.897,3,Sommerhus,68,2000,,Aktuel værdi
Kirkegade 287080 Børkop,rkop,10.500.000,12-02-2007,Alm. Salg,63.253,6,Villa,166,1989,,Aktuel værdi
Vibevej 17080 Børkop,rkop,1.200.000,01-02-2007,Alm. Salg,9.448,4,Villa,127,1976,,Aktuel værdi
Arnoldsvej 87080 Børkop,rkop,1.015.000,01-02-2007,Alm. Salg,7.929,4,Villa,128,1965,,Aktuel værdi
Overbyparken 277080 Børkop,rkop,2.475.000,30-01-2007,Alm. Salg,16.500,4,Villa,150,1999,,Aktuel værdi
Munkedalen 77080 Børkop,rkop,1.530.000,30-01-2007,Alm. Salg,9.053,6,Villa,169,1970,-3 %,Aktuel værdi
Overgaden 57080 Børkop,rkop,239.969,25-01-2007,Alm. Salg,2.473,2,Villa,97,1962,,Aktuel værdi
Lærkevej 247080 Børkop,rkop,1.825.000,25-01-2007,Alm. Salg,8.220,8,Villa,222,1971,,Aktuel værdi
Kildevej 17080 Børkop,rkop,1.400.000,23-01-2007,Alm. Salg,19.444,3,Sommerhus,72,2009,,Aktuel værdi
Stationsvej 67080 Børkop,rkop,1.800.000,20-01-2007,Alm. Salg,11.764,5,Villa,153,1900,,Aktuel værdi
Nørrelyst 217080 Børkop,rkop,1.100.000,20-01-2007,Alm. Salg,10.784,4,Villa,102,1963,-6 %,Aktuel værdi
Vigen 27080 Børkop,rkop,1.370.000,19-01-2007,Alm. Salg,22.833,2,Villa,60,1950,-2 %,Aktuel værdi
Overbyparken 67080 Børkop,rkop,1.618.350,07-01-2007,Alm. Salg,11.559,4,Villa,140,1986,,Aktuel værdi
"H.O. Wildenskovsvej 30, 37080 Børkop",rkop,5.877.500,05-01-2007,Alm. Salg,-,4,Lejlighed,252,1900,,Aktuel værdi
Hasselvang 647080 Børkop,rkop,626.000,28-12-2006,Alm. Salg,3.618,5,Villa,173,2008,,Aktuel værdi
Møllegade 277080 Børkop,rkop,1.700.000,28-12-2006,Andet,12.686,6,Villa,134,1924,,Aktuel værdi
Elmevej 37080 Børkop,rkop,2.295.000,23-12-2006,Alm. Salg,15.300,3,Villa,150,1999,,Aktuel værdi
Vestergade 67080 Børkop,rkop,849.810,22-12-2006,Andet,4.856,6,Villa,175,1920,,Aktuel værdi
Hasselvang 387080 Børkop,rkop,495.000,21-12-2006,Alm. Salg,3.694,5,Villa,134,2008,,Aktuel værdi
Stationsvej 167080 Børkop,rkop,1.915.000,20-12-2006,Alm. Salg,9.623,6,Villa,199,1910,,Aktuel værdi
Skovvænget 14A7080 Børkop,rkop,950.000,19-12-2006,Alm. Salg,12.837,3,Rækkehus,74,2004,,Aktuel værdi
Møllegade 137080 Børkop,rkop,1.230.000,18-12-2006,Alm. Salg,11.603,5,Villa,106,1900,,Aktuel værdi
Andkærvej 2217080 Børkop,rkop,2.293.000,16-12-2006,Fam. Salg,8.045,8,Stuehus,285,1877,,
Munkebo 37080 Børkop,rkop,1.400.000,14-12-2006,Alm. Salg,12.173,4,Villa,115,1972,,Aktuel værdi
B. Berthelsensvej 407080 Børkop,rkop,486.000,12-12-2006,Alm. Salg,3.075,4,Villa,158,2008,,Aktuel værdi
S. Stubsvej 307080 Børkop,rkop,689.000,12-12-2006,Alm. Salg,4.306,6,Villa,160,2008,,Aktuel værdi
S. Stubsvej 287080 Børkop,rkop,612.000,12-12-2006,Alm. Salg,3.238,7,Villa,189,2008,,Aktuel værdi
B. Berthelsensvej 67080 Børkop,rkop,652.000,12-12-2006,Alm. Salg,3.395,5,Villa,192,2008,,Aktuel værdi
S. Stubsvej 367080 Børkop,rkop,787.000,12-12-2006,Alm. Salg,5.211,6,Villa,151,2008,,Aktuel værdi
B. Berthelsensvej 187080 Børkop,rkop,635.000,12-12-2006,Alm. Salg,3.239,6,Villa,196,2008,,Aktuel værdi
Bystedparken 127080 Børkop,rkop,2.375.000,12-12-2006,Alm. Salg,12.434,4,Villa,191,2003,,Aktuel værdi
B. Berthelsensvej 247080 Børkop,rkop,587.000,12-12-2006,Alm. Salg,3.836,6,Villa,153,2009,,Aktuel værdi
S. Stubsvej 387080 Børkop,rkop,653.000,12-12-2006,Alm. Salg,3.455,5,Villa,189,2008,,Aktuel værdi
B. Berthelsensvej 127080 Børkop,rkop,581.000,12-12-2006,Alm. Salg,3.026,5,Villa,192,2007,,Aktuel værdi
S. Stubsvej 237080 Børkop,rkop,637.000,12-12-2006,Alm. Salg,3.388,7,Villa,188,2008,,Aktuel værdi
B. Berthelsensvej 107080 Børkop,rkop,584.000,12-12-2006,Alm. Salg,3.650,5,Villa,160,2009,,Aktuel værdi
S. Stubsvej 407080 Børkop,rkop,610.000,12-12-2006,Alm. Salg,2.918,6,Villa,209,2010,,Aktuel værdi
"H.O. Wildenskovsvej 28, 3. TV7080 Børkop",rkop,6.226.000,04-12-2006,Alm. Salg,-,3,Lejlighed,241,1900,,Aktuel værdi
Plutovej 57080 Børkop,rkop,1.800.000,04-12-2006,Alm. Salg,9.836,5,Villa,183,1974,,Aktuel værdi
Brejning Strand 1A. TH7080 Børkop,rkop,636.480,02-12-2006,Andet,3.045,4,Rækkehus,209,2007,,Aktuel værdi
Sommerstien 47080 Børkop,rkop,1.380.000,25-11-2006,Alm. Salg,19.714,4,Sommerhus,70,1973,,Aktuel værdi
"Chr Kellersvej 2M, KL7080 Børkop",rkop,20.135.000,22-11-2006,Alm. Salg,-,3,Fritid,68,1899,,Aktuel værdi
Skovbrynet 127080 Børkop,rkop,1.775.000,15-11-2006,Alm. Salg,11.024,6,Villa,161,1971,,Aktuel værdi
Overbyparken 97080 Børkop,rkop,2.475.000,15-11-2006,Alm. Salg,17.307,3,Villa,143,2000,,Aktuel værdi
Kirkebakken 217080 Børkop,rkop,1.640.000,08-11-2006,Alm. Salg,11.081,7,Villa,148,1955,,Aktuel værdi
Bystedvej 197080 Børkop,rkop,1.425.000,08-11-2006,Alm. Salg,7.125,9,Villa,200,1966,,Aktuel værdi
V. Borgenvej 137080 Børkop,rkop,1.400.000,06-11-2006,Alm. Salg,16.091,4,Sommerhus,87,2008,,Aktuel værdi
Borggårdsparken 217080 Børkop,rkop,1.375.000,06-11-2006,Alm. Salg,13.888,4,Villa,99,1984,,Aktuel værdi
Bjerrevænget 197080 Børkop,rkop,1.285.000,03-11-2006,Alm. Salg,10.708,5,Villa,120,1978,,Aktuel værdi
Gormsvej 77080 Børkop,rkop,1.360.000,25-10-2006,Alm. Salg,11.826,4,Villa,115,1973,,Aktuel værdi
Solbakken 77080 Børkop,rkop,1.105.000,25-10-2006,Fam. Salg,11.881,5,Sommerhus,93,1968,,Aktuel værdi
Andkær Bygade 13D7080 Børkop,rkop,2.000.000,25-10-2006,Alm. Salg,14.084,5,Villa,142,2013,,Aktuel værdi
Hjortedalsvej 127080 Børkop,rkop,755.000,23-10-2006,Alm. Salg,13.727,3,Sommerhus,55,1940,,Aktuel værdi
Marsvej 127080 Børkop,rkop,1.825.000,16-10-2006,Alm. Salg,10.082,5,Villa,181,1974,,Aktuel værdi
Brejning Søndergade 217080 Børkop,rkop,1.075.000,16-10-2006,Alm. Salg,12.797,5,Villa,84,1954,,Aktuel værdi
"Brejning Strand 1C, 2. TV7080 Børkop",rkop,4.525.000,12-10-2006,Alm. Salg,16.514,6,Lejlighed,274,1892,,Aktuel værdi
Hvidbjergvej 587080 Børkop,rkop,2.800.000,12-10-2006,Alm. Salg,32.558,5,Villa,86,1919,,Aktuel værdi
"Brejning Søndergade 44, 1. 207080 Børkop",rkop,780.000,12-10-2006,Alm. Salg,8.965,3,Lejlighed,87,1979,,Aktuel værdi
Svendsgade 67080 Børkop,rkop,1.240.000,09-10-2006,Alm. Salg,13.052,3,Villa,95,1964,,Aktuel værdi
Kragelundvænget 117080 Børkop,rkop,444.404,09-10-2006,Alm. Salg,2.962,4,Villa,150,2007,,Aktuel værdi
Munkehegnet 77080 Børkop,rkop,494.647,09-10-2006,Alm. Salg,4.301,4,Villa,115,1972,,Aktuel værdi
Overgaden 197080 Børkop,rkop,1.800.000,06-10-2006,Alm. Salg,8.411,7,Villa,214,1962,,Aktuel værdi
Rønnevang 307080 Børkop,rkop,3.109.500,04-10-2006,Alm. Salg,17.275,4,Villa,180,2007,,Aktuel værdi
Mads Madsens Vænge 217080 Børkop,rkop,1.020.000,02-10-2006,Fam. Salg,20.000,4,Sommerhus,51,1965,,Aktuel værdi
Kraggyden 17080 Børkop,rkop,870.000,29-09-2006,Alm. Salg,6.850,4,Villa,127,1897,,Aktuel værdi
Kragelundvænget 8H7080 Børkop,rkop,1.495.000,28-09-2006,Alm. Salg,14.801,3,Rækkehus,101,2006,,Aktuel værdi
"Brejning Søndergade 44, 1. 107080 Børkop",rkop,900.000,28-09-2006,Alm. Salg,9.375,4,Lejlighed,96,1979,,Aktuel værdi
Enebærvej 37080 Børkop,rkop,824.500,22-09-2006,Fam. Salg,13.974,4,Sommerhus,59,1992,,Aktuel værdi
Fjordparken 257080 Børkop,rkop,1.435.000,20-09-2006,Alm. Salg,18.881,4,Sommerhus,76,1986,,Aktuel værdi
Hvidbjergvej 627080 Børkop,rkop,3.300.000,17-09-2006,Alm. Salg,42.307,3,Sommerhus,78,1994,,Aktuel værdi
Dortheasvej 1A7080 Børkop,rkop,605.000,16-09-2006,Alm. Salg,7.378,3,Villa,82,1965,,Aktuel værdi
Tofte Alle 17080 Børkop,rkop,750.000,16-09-2006,Alm. Salg,7.894,3,Villa,95,1961,,Aktuel værdi
Enebærvej 97080 Børkop,rkop,1.550.000,05-09-2006,Alm. Salg,14.622,3,Sommerhus,106,2001,,Aktuel værdi
Sellerup Strandvej 567080 Børkop,rkop,900.000,04-09-2006,Fam. Salg,8.333,3,Villa,108,1945,,Aktuel værdi
Bystedparken 677080 Børkop,rkop,360.000,31-08-2006,Alm. Salg,2.307,5,Villa,156,2007,,Aktuel værdi
Fjordparken 57080 Børkop,rkop,1.150.000,30-08-2006,Alm. Salg,14.743,4,Sommerhus,78,1973,,Aktuel værdi
Toftevej 127080 Børkop,rkop,1.375.000,30-08-2006,Alm. Salg,11.956,3,Villa,115,1961,,Aktuel værdi
Møllegade 15C7080 Børkop,rkop,600.000,28-08-2006,Alm. Salg,9.677,3,Villa,62,1960,,Aktuel værdi
Olafsvej 157080 Børkop,rkop,1.670.000,22-08-2006,Alm. Salg,9.488,6,Villa,176,1976,,Aktuel værdi
J.L. Varmingsvej 77080 Børkop,rkop,2.375.000,14-08-2006,Alm. Salg,18.129,4,Rækkehus,131,2008,,Aktuel værdi
J.L. Varmingsvej 177080 Børkop,rkop,2.375.000,14-08-2006,Alm. Salg,18.129,4,Rækkehus,131,2008,,Aktuel værdi
Gauerslund Skovvej 1167080 Børkop,rkop,4.200.000,14-08-2006,Alm. Salg,22.222,7,Stuehus,189,1827,,
"Chr Kellersvej 6A, 1. TH7080 Børkop",rkop,1.683.750,14-08-2006,Alm. Salg,12.380,1,Lejlighed,136,1920,,Aktuel værdi
Lærkevej 97080 Børkop,rkop,1.750.000,14-08-2006,Alm. Salg,12.068,5,Villa,145,1972,,Aktuel værdi
Brejning Strand 1G7080 Børkop,rkop,3.704.300,13-08-2006,Alm. Salg,17.070,6,Rækkehus,217,2007,,Aktuel værdi
Krogen 47080 Børkop,rkop,1.217.661,11-08-2006,Alm. Salg,12.176,2,Villa,100,1951,,Aktuel værdi
Baldersvej 197080 Børkop,rkop,1.542.500,08-08-2006,Alm. Salg,16.067,3,Rækkehus,96,1979,,Aktuel værdi
Skovgårdsparken 767080 Børkop,rkop,1.895.000,08-08-2006,Alm. Salg,13.251,5,Villa,143,1986,,Aktuel værdi
Dyrehaven 147080 Børkop,rkop,1.750.000,03-08-2006,Alm. Salg,6.704,4,Villa,261,2008,,Aktuel værdi
Sct. Jørgens Parken 67080 Børkop,rkop,1.575.000,01-08-2006,Alm. Salg,11.580,4,Villa,136,1976,,Aktuel værdi
Egevang 187080 Børkop,rkop,1.385.000,29-07-2006,Alm. Salg,9.421,4,Villa,147,1965,,Aktuel værdi
Vigen 387080 Børkop,rkop,1.200.000,28-07-2006,Alm. Salg,19.354,4,Sommerhus,62,1978,,Aktuel værdi
Strandengen 77080 Børkop,rkop,2.800.000,27-07-2006,Alm. Salg,66.666,3,Ukendt,42,1933,,Aktuel værdi
Lykkevej 67080 Børkop,rkop,1.207.500,27-07-2006,Alm. Salg,34.500,2,Sommerhus,35,1963,,Aktuel værdi
Bækkelund 67080 Børkop,rkop,1.425.000,24-07-2006,Alm. Salg,14.250,5,Villa,100,1965,,Aktuel værdi
Gregersensvej 127080 Børkop,rkop,300.000,24-07-2006,Alm. Salg,3.571,4,Sommerhus,84,1947,,Aktuel værdi
Toftevej 67080 Børkop,rkop,1.690.000,24-07-2006,Alm. Salg,15.943,4,Villa,106,1950,,Aktuel værdi
"Chr Kellersvej 6A, 27080 Børkop",rkop,2.900.000,13-07-2006,Alm. Salg,14.077,3,Lejlighed,206,1920,,Aktuel værdi
Bystedvænget 17080 Børkop,rkop,1.185.000,13-07-2006,Alm. Salg,10.486,4,Villa,113,1972,,Aktuel værdi
Karen Andersensvej 47080 Børkop,rkop,1.050.000,07-07-2006,Alm. Salg,12.068,3,Sommerhus,87,2015,,Aktuel værdi
Kragelundvænget 697080 Børkop,rkop,537.000,06-07-2006,Alm. Salg,2.712,5,Villa,198,2008,,Aktuel værdi
Brejning Strand 1E7080 Børkop,rkop,3.765.000,06-07-2006,Alm. Salg,17.350,3,Rækkehus,217,2007,,Aktuel værdi
Dr. Friesvej 87080 Børkop,rkop,842.000,05-07-2006,Alm. Salg,9.790,3,Villa,86,1957,,Aktuel værdi
Egeskovvej 5017080 Børkop,rkop,2.885.000,04-07-2006,Alm. Salg,12.020,9,Villa,240,1777,,Aktuel værdi
Nørrelyst 157080 Børkop,rkop,1.175.000,03-07-2006,Alm. Salg,11.989,3,Villa,98,1965,,Aktuel værdi
Dr. Friesvej 137080 Børkop,rkop,680.000,02-07-2006,Fam. Salg,6.732,4,Villa,101,1964,,Aktuel værdi
Bystedparken 567080 Børkop,rkop,360.000,28-06-2006,Alm. Salg,2.416,6,Villa,149,2007,,Aktuel værdi
"Chr Kellersvej 6C, ST. TH7080 Børkop",rkop,1.638.750,28-06-2006,Alm. Salg,12.802,2,Lejlighed,128,1920,,Aktuel værdi
"Chr Kellersvej 6C, 1. TH7080 Børkop",rkop,2.010.850,28-06-2006,Alm. Salg,10.583,4,Lejlighed,190,1920,,Aktuel værdi
Karl Tømrersvej 237080 Børkop,rkop,1.245.000,27-06-2006,Alm. Salg,11.318,5,Villa,110,1974,,Aktuel værdi
Rødkløvervænget 47080 Børkop,rkop,1.335.000,23-06-2006,Alm. Salg,32.560,2,Sommerhus,41,1961,,Aktuel værdi
Bøgevang 197080 Børkop,rkop,611.500,21-06-2006,Alm. Salg,4.529,6,Villa,135,1965,,Aktuel værdi
Østergårdsvej 257080 Børkop,rkop,4.500.000,20-06-2006,Alm. Salg,13.313,10,Villa,338,1916,,Aktuel værdi
Kirstinesvej 257080 Børkop,rkop,1.150.000,19-06-2006,Alm. Salg,14.556,5,Sommerhus,79,1975,,Aktuel værdi
Overbyvej 337080 Børkop,rkop,1.100.000,15-06-2006,Alm. Salg,7.746,7,Villa,142,1964,,Aktuel værdi
Niels Pedersensvej 45A7080 Børkop,rkop,1.800.000,15-06-2006,Alm. Salg,15.929,4,Sommerhus,113,2008,,Aktuel værdi
Bystedparken 687080 Børkop,rkop,360.000,14-06-2006,Alm. Salg,2.236,7,Villa,161,2008,,Aktuel værdi
Brejning Søndergade 67080 Børkop,rkop,1.375.000,14-06-2006,Alm. Salg,14.945,5,Villa,92,1929,,Aktuel værdi
Amaliehaven 337080 Børkop,rkop,2.400.000,13-06-2006,Alm. Salg,16.666,5,Villa,144,2000,,Aktuel værdi
Borgvold 357080 Børkop,rkop,1.695.000,12-06-2006,Alm. Salg,13.038,4,Villa,130,1979,,Aktuel værdi
Pindvej 227080 Børkop,rkop,925.000,12-06-2006,Alm. Salg,15.948,4,Sommerhus,58,1969,,Aktuel værdi
Elbækvej 627080 Børkop,rkop,995.000,12-06-2006,Alm. Salg,13.819,3,Rækkehus,72,1990,,Aktuel værdi
Karl Tømrersvej 77080 Børkop,rkop,1.325.000,10-06-2006,Alm. Salg,9.888,6,Villa,134,1965,,Aktuel værdi
Kragelundvænget 57080 Børkop,rkop,2.473.430,05-06-2006,Alm. Salg,15.174,3,Villa,163,2006,,Aktuel værdi
"Brejning Strand 9, 17080 Børkop",rkop,2.600.000,02-06-2006,Alm. Salg,16.993,4,Lejlighed,153,2007,,Aktuel værdi
Krogen 27080 Børkop,rkop,1.299.000,01-06-2006,Alm. Salg,16.237,3,Villa,80,1960,,Aktuel værdi
Munkedalen 167080 Børkop,rkop,1.600.000,31-05-2006,Alm. Salg,7.476,7,Villa,214,1971,,Aktuel værdi
"Brejning Strand 101, KL. TV7080 Børkop",rkop,1.485.000,29-05-2006,Alm. Salg,15.797,2,Lejlighed,94,1920,,Aktuel værdi
Skovvej 47080 Børkop,rkop,1.100.000,26-05-2006,Alm. Salg,10.185,4,Villa,108,1935,,Aktuel værdi
Strandvænget 17080 Børkop,rkop,1.575.000,25-05-2006,Alm. Salg,25.403,4,Sommerhus,62,1979,,Aktuel værdi
Bjerrevænget 287080 Børkop,rkop,605.545,22-05-2006,Andet,3.273,7,Villa,185,1977,,Aktuel værdi
Skovgårdsparken 17080 Børkop,rkop,1.210.000,20-05-2006,Alm. Salg,12.872,5,Rækkehus,94,1983,,Aktuel værdi
Vigen 727080 Børkop,rkop,1.550.000,19-05-2006,Alm. Salg,31.000,3,Sommerhus,50,1957,,Aktuel værdi
Fasanvej 17080 Børkop,rkop,1.975.000,18-05-2006,Alm. Salg,13.811,4,Villa,143,1969,,Aktuel værdi
Skovvej 57080 Børkop,rkop,1.467.000,17-05-2006,Alm. Salg,8.732,6,Villa,168,1957,,Aktuel værdi
Borggårdsparken 547080 Børkop,rkop,1.530.000,17-05-2006,Alm. Salg,12.338,4,Villa,124,1986,,Aktuel værdi
Hvidbjergvej 103B7080 Børkop,rkop,1.500.000,16-05-2006,Alm. Salg,17.441,4,Sommerhus,86,1984,,Aktuel værdi
Kragelundvænget 717080 Børkop,rkop,395.000,15-05-2006,Alm. Salg,1.837,6,Villa,215,2008,,Aktuel værdi
Vigen Skovvej 27080 Børkop,rkop,310.470,11-05-2006,Alm. Salg,2.676,5,Stuehus,116,1937,,
Kragelundvænget 8F7080 Børkop,rkop,1.495.000,10-05-2006,Alm. Salg,14.801,3,Rækkehus,101,2006,,Aktuel værdi
Skovgårdsparken 117080 Børkop,rkop,1.295.000,09-05-2006,Alm. Salg,14.715,3,Rækkehus,88,2003,,Aktuel værdi
Birkevang 22C7080 Børkop,rkop,400.000,07-05-2006,Alm. Salg,9.523,2,Rækkehus,42,1967,,Aktuel værdi
Høllsmindevej 347080 Børkop,rkop,500.000,05-05-2006,Fam. Salg,7.692,3,Sommerhus,65,1946,,Aktuel værdi
Kragelundvænget 577080 Børkop,rkop,445.000,01-05-2006,Alm. Salg,2.270,6,Villa,196,2009,,Aktuel værdi
Bystedparken 227080 Børkop,rkop,1.950.000,01-05-2006,Alm. Salg,14.552,5,Villa,134,2001,,Aktuel værdi
Nederbyvej 157080 Børkop,rkop,729.000,01-05-2006,Alm. Salg,24.300,5,Biograf o.l.,30,1922,,Aktuel værdi
Bystedparken 467080 Børkop,rkop,375.000,01-05-2006,Alm. Salg,2.737,5,Villa,137,2008,,Aktuel værdi
Duevej 197080 Børkop,rkop,2.555.000,23-04-2006,Alm. Salg,37.028,3,Sommerhus,69,1999,,Aktuel værdi
Brejning Søndergade 477080 Børkop,rkop,1.565.000,20-04-2006,Alm. Salg,11.340,4,Villa,138,1975,,Aktuel værdi
Rønnevang 247080 Børkop,rkop,800.000,20-04-2006,Alm. Salg,4.444,4,Villa,180,2006,,Aktuel værdi
Kragelundvænget 617080 Børkop,rkop,477.000,17-04-2006,Alm. Salg,2.944,5,Villa,162,2007,,Aktuel værdi
Kragelundvænget 557080 Børkop,rkop,486.000,17-04-2006,Alm. Salg,2.405,6,Villa,202,2007,,Aktuel værdi
Kragelundvænget 537080 Børkop,rkop,486.000,17-04-2006,Alm. Salg,3.351,5,Villa,145,2007,,Aktuel værdi
Kragelundvænget 1317080 Børkop,rkop,425.000,17-04-2006,Alm. Salg,2.639,6,Villa,161,2006,,Aktuel værdi
Kragelundvænget 817080 Børkop,rkop,461.234,17-04-2006,Alm. Salg,3.137,4,Villa,147,2006,,Aktuel værdi
Kragelundvænget 877080 Børkop,rkop,395.000,17-04-2006,Alm. Salg,2.146,5,Villa,184,2008,,Aktuel værdi
Kragelundvænget 1017080 Børkop,rkop,522.500,17-04-2006,Alm. Salg,2.536,5,Villa,206,2006,,Aktuel værdi
Kragelundvænget 797080 Børkop,rkop,421.480,17-04-2006,Alm. Salg,3.193,5,Villa,132,2006,,Aktuel værdi
Kragelundvænget 677080 Børkop,rkop,421.595,17-04-2006,Alm. Salg,2.524,4,Villa,167,2006,,Aktuel værdi
Kragelundvænget 1237080 Børkop,rkop,500.100,17-04-2006,Alm. Salg,2.924,5,Villa,171,2007,,Aktuel værdi
Kragelundvænget 657080 Børkop,rkop,507.000,17-04-2006,Alm. Salg,2.947,4,Villa,172,2006,,Aktuel værdi
Kragelundvænget 1217080 Børkop,rkop,551.000,17-04-2006,Alm. Salg,3.112,4,Villa,177,2007,,Aktuel værdi
Kragelundvænget 477080 Børkop,rkop,425.000,17-04-2006,Alm. Salg,2.114,5,Villa,201,2006,,Aktuel værdi
Kragelundvænget 1337080 Børkop,rkop,431.501,17-04-2006,Alm. Salg,2.876,4,Villa,150,2007,,Aktuel værdi
Kragelundvænget 997080 Børkop,rkop,519.000,17-04-2006,Alm. Salg,2.883,6,Villa,180,2007,,Aktuel værdi
Kragelundvænget 517080 Børkop,rkop,453.779,17-04-2006,Alm. Salg,2.578,4,Villa,176,2007,,Aktuel værdi
Kragelundvænget 977080 Børkop,rkop,480.005,17-04-2006,Alm. Salg,3.428,5,Villa,140,2007,,Aktuel værdi
Kragelundvænget 777080 Børkop,rkop,395.000,17-04-2006,Alm. Salg,2.468,5,Villa,160,2007,,Aktuel værdi
Kragelundvænget 1137080 Børkop,rkop,450.000,17-04-2006,Alm. Salg,2.459,6,Villa,183,2007,,Aktuel værdi
Stationsvej 2B7080 Børkop,rkop,610.000,11-04-2006,Alm. Salg,7.820,2,Villa,78,1957,,Aktuel værdi
Bystedparken 607080 Børkop,rkop,360.000,10-04-2006,Alm. Salg,2.250,6,Villa,160,2007,,Aktuel værdi
Båskærvej 237080 Børkop,rkop,3.200.000,09-04-2006,Alm. Salg,24.806,4,Sommerhus,129,1926,,Aktuel værdi
Skovbyvej 20K7080 Børkop,rkop,2.050.000,07-04-2006,Alm. Salg,11.781,6,Villa,174,2001,,Aktuel værdi
Kragelundvænget 287080 Børkop,rkop,2.575.000,06-04-2006,Alm. Salg,14.970,7,Villa,172,2004,,Aktuel værdi
Rosenvej 1B7080 Børkop,rkop,900.000,03-04-2006,Alm. Salg,14.754,2,Rækkehus,61,1989,,Aktuel værdi
Kragelundvænget 637080 Børkop,rkop,453.000,03-04-2006,Alm. Salg,2.885,5,Villa,157,2006,,Aktuel værdi
Kragelundvænget 837080 Børkop,rkop,406.750,03-04-2006,Alm. Salg,2.805,5,Villa,145,2006,,Aktuel værdi
Kraggyden 117080 Børkop,rkop,1.550.000,23-03-2006,Alm. Salg,7.560,6,Villa,205,1962,,Aktuel værdi
Nyvej 277080 Børkop,rkop,1.225.000,20-03-2006,Alm. Salg,10.937,4,Villa,112,1954,,Aktuel værdi
Stationsvej 327080 Børkop,rkop,798.493,20-03-2006,Alm. Salg,9.505,6,Villa,84,1957,,Aktuel værdi
Kirkegade 17080 Børkop,rkop,1.350.000,20-03-2006,Alm. Salg,9.574,4,Villa,141,1965,,Aktuel værdi
Dagmarsvej 257080 Børkop,rkop,2.100.000,20-03-2006,Alm. Salg,12.426,3,Villa,169,1997,,Aktuel værdi
Vandværksvej 297080 Børkop,rkop,1.500.000,20-03-2006,Alm. Salg,8.720,5,Villa,172,1956,,Aktuel værdi
Enghavevej 137080 Børkop,rkop,1.351.000,20-03-2006,Alm. Salg,8.947,5,Villa,151,1967,,Aktuel værdi
Æblehaven 17080 Børkop,rkop,1.995.000,20-03-2006,Alm. Salg,12.954,5,Villa,154,1999,,Aktuel værdi
Bjerrevænget 97080 Børkop,rkop,1.550.000,17-03-2006,Alm. Salg,10.839,4,Villa,143,1977,,Aktuel værdi
Dr. Friesvej 27080 Børkop,rkop,275.000,17-03-2006,Alm. Salg,2.350,3,Villa,117,2007,,Aktuel værdi
Sellerup Strandvej 817080 Børkop,rkop,750.000,16-03-2006,Fam. Salg,18.750,3,Sommerhus,40,1935,,Aktuel værdi
Bundsgaard 12A7080 Børkop,rkop,1.450.000,16-03-2006,Alm. Salg,12.831,4,Rækkehus,113,2006,,Aktuel værdi
Borgvold 377080 Børkop,rkop,1.350.000,14-03-2006,Alm. Salg,10.800,4,Villa,125,1978,,Aktuel værdi
Hvidbjerghusvej 117080 Børkop,rkop,2.900.000,06-03-2006,Alm. Salg,58.000,3,Sommerhus,50,1949,,Aktuel værdi
Skovbrynet 67080 Børkop,rkop,1.298.000,01-03-2006,Alm. Salg,14.108,4,Villa,92,1965,,Aktuel værdi
Elbækvej 297080 Børkop,rkop,1.645.000,27-02-2006,Alm. Salg,9.241,5,Villa,178,1910,,Aktuel værdi
"Brejning Strand 1C, ST. TV7080 Børkop",rkop,2.942.500,27-02-2006,Alm. Salg,20.721,4,Lejlighed,142,1892,,Aktuel værdi
Strandvej 17080 Børkop,rkop,1.850.000,27-02-2006,Alm. Salg,25.342,4,Sommerhus,73,1950,,Aktuel værdi
Sellerup Strandvej 577080 Børkop,rkop,725.000,24-02-2006,Alm. Salg,11.328,4,Sommerhus,64,2008,,Aktuel værdi
Ryttergrøftsvejen 3247080 Børkop,rkop,1.700.000,24-02-2006,Alm. Salg,9.239,5,Villa,184,1876,,Aktuel værdi
Drosselvej 87080 Børkop,rkop,1.900.000,23-02-2006,Alm. Salg,8.636,8,Villa,220,1969,,Aktuel værdi
Fjordvej 247080 Børkop,rkop,1.825.000,22-02-2006,Alm. Salg,24.333,4,Sommerhus,75,2004,,Aktuel værdi
Overbyparken 317080 Børkop,rkop,2.625.000,22-02-2006,Alm. Salg,18.884,4,Villa,139,1999,,Aktuel værdi
Poppelvang 127080 Børkop,rkop,1.050.000,16-02-2006,Alm. Salg,8.898,4,Villa,118,1969,,Aktuel værdi
Borggårdsparken 187080 Børkop,rkop,1.705.000,16-02-2006,Alm. Salg,11.291,7,Villa,151,1986,,Aktuel værdi
Bystedparken 667080 Børkop,rkop,360.000,31-01-2006,Alm. Salg,2.181,5,Villa,165,2007,,Aktuel værdi
Solskinsvej 1097080 Børkop,rkop,4.300.000,30-01-2006,Alm. Salg,43.000,3,Villa,100,1850,,Aktuel værdi
Bystedparken 387080 Børkop,rkop,375.000,30-01-2006,Alm. Salg,3.177,3,Villa,118,2007,,Aktuel værdi
Tårnet 87080 Børkop,rkop,2.043.000,27-01-2006,Alm. Salg,12.381,4,Villa,165,1998,,Aktuel værdi
Tjørnevej 97080 Børkop,rkop,1.800.000,26-01-2006,Alm. Salg,9.625,6,Villa,187,1972,,Aktuel værdi
Bystedvænget 117080 Børkop,rkop,1.195.000,26-01-2006,Alm. Salg,10.301,4,Villa,116,1973,,Aktuel værdi
Toftumvej 167080 Børkop,rkop,925.000,22-01-2006,Alm. Salg,5.745,4,Villa,161,1827,,Aktuel værdi
Hvidbjerghusvej 17080 Børkop,rkop,1.598.000,16-01-2006,Alm. Salg,16.821,3,Sommerhus,95,1947,,Aktuel værdi
Rønnevang 267080 Børkop,rkop,2.200.000,16-01-2006,Alm. Salg,13.580,5,Villa,162,2006,,Aktuel værdi
Bystedparken 647080 Børkop,rkop,360.000,16-01-2006,Alm. Salg,2.400,4,Villa,150,2007,,Aktuel værdi
Johannevej 117080 Børkop,rkop,1.175.000,15-01-2006,Alm. Salg,20.258,4,Sommerhus,58,1965,,Aktuel værdi
Bystedparken 407080 Børkop,rkop,375.000,15-01-2006,Alm. Salg,2.388,5,Villa,157,2007,,Aktuel værdi
Industrivej 287080 Børkop,rkop,1.400.000,12-01-2006,Alm. Salg,9.090,5,Villa,154,1971,,Aktuel værdi
Toftumvej 197080 Børkop,rkop,1.451.325,12-01-2006,Alm. Salg,10.078,6,Stuehus,144,1916,,
Nyboesgade 107080 Børkop,rkop,955.000,07-01-2006,Alm. Salg,19.895,4,Villa,48,1950,,Aktuel værdi
Bystedparken 507080 Børkop,rkop,394.900,04-01-2006,Alm. Salg,2.193,5,Villa,180,2007,,Aktuel værdi
Bystedparken 757080 Børkop,rkop,375.001,04-01-2006,Alm. Salg,2.038,5,Villa,184,2007,,Aktuel værdi
Rønnevang 547080 Børkop,rkop,442.550,04-01-2006,Alm. Salg,2.618,5,Villa,169,2006,,Aktuel værdi
Bundsgaard 247080 Børkop,rkop,408.016,04-01-2006,Alm. Salg,2.386,4,Villa,171,2007,,Aktuel værdi
Bystedparken 527080 Børkop,rkop,536.000,02-01-2006,Alm. Salg,2.414,6,Villa,222,2008,,Aktuel værdi
Bystedparken 427080 Børkop,rkop,385.000,02-01-2006,Alm. Salg,2.483,5,Villa,155,2007,,Aktuel værdi
Poppelvang 77080 Børkop,rkop,1.030.000,30-12-2005,Alm. Salg,8.583,4,Villa,120,1971,,Aktuel værdi
Dyrehaven 287080 Børkop,rkop,966.666,30-12-2005,Alm. Salg,5.008,4,Rækkehus,193,1912,,Aktuel værdi
Dyrehaven 267080 Børkop,rkop,966.666,30-12-2005,Alm. Salg,5.061,5,Rækkehus,191,1912,,Aktuel værdi
Dyrehaven 247080 Børkop,rkop,966.666,30-12-2005,Alm. Salg,5.008,4,Rækkehus,193,1912,,Aktuel værdi
Lykkevej 97080 Børkop,rkop,773.500,28-12-2005,Fam. Salg,8.500,6,Sommerhus,91,1967,,Aktuel værdi
Bundsgaard 30A7080 Børkop,rkop,1.665.000,27-12-2005,Alm. Salg,13.536,4,Rækkehus,123,2007,,Aktuel værdi
Bystedparken 717080 Børkop,rkop,360.000,27-12-2005,Alm. Salg,2.535,3,Villa,142,2006,,Aktuel værdi
Kragelundvænget 1097080 Børkop,rkop,442.000,22-12-2005,Alm. Salg,3.069,5,Villa,144,2006,,Aktuel værdi
Strandhusvej 107080 Børkop,rkop,350.000,22-12-2005,Alm. Salg,7.954,2,Sommerhus,44,1950,,Aktuel værdi
Fædrift 17080 Børkop,rkop,1.650.000,21-12-2005,Alm. Salg,8.823,4,Villa,187,1964,,Aktuel værdi
Poppelvang 357080 Børkop,rkop,1.312.000,15-12-2005,Alm. Salg,8.864,5,Villa,148,1973,,Aktuel værdi
Blåbærvej 217080 Børkop,rkop,442.000,12-12-2005,Fam. Salg,7.366,3,Sommerhus,60,1960,,Aktuel værdi
Vigen 17080 Børkop,rkop,685.285,06-12-2005,Alm. Salg,5.438,4,Villa,126,1937,,Aktuel værdi
Tårnet 57080 Børkop,rkop,650.000,30-11-2005,Andet,4.391,5,Villa,148,1980,,Aktuel værdi
Brejning Strand 1F7080 Børkop,rkop,2.930.000,30-11-2005,Alm. Salg,17.650,4,Rækkehus,166,2007,,Aktuel værdi
Sellerupvej 217080 Børkop,rkop,1.100.000,29-11-2005,Alm. Salg,6.626,7,Villa,166,1933,,Aktuel værdi
Elbækvej 607080 Børkop,rkop,995.000,29-11-2005,Alm. Salg,13.819,3,Rækkehus,72,1990,,Aktuel værdi
Industrivej 97080 Børkop,rkop,1.250.000,28-11-2005,Alm. Salg,13.157,4,Villa,95,1966,,Aktuel værdi
Ågade 77080 Børkop,rkop,895.000,27-11-2005,Alm. Salg,5.114,6,Villa,175,1900,,Aktuel værdi
Borggårdsparken 197080 Børkop,rkop,1.300.000,23-11-2005,Alm. Salg,11.504,4,Villa,113,1980,,Aktuel værdi
J.L. Varmingsvej 97080 Børkop,rkop,2.375.000,14-11-2005,Alm. Salg,18.554,4,Rækkehus,128,2008,,Aktuel værdi
Ved Hegnet 247080 Børkop,rkop,365.500,12-11-2005,Fam. Salg,5.375,3,Sommerhus,68,2007,,Aktuel værdi
Stationsvej 627080 Børkop,rkop,800.000,09-11-2005,Alm. Salg,8.247,4,Villa,97,1962,,Aktuel værdi
Tyttebærvej 107080 Børkop,rkop,895.000,03-11-2005,Alm. Salg,17.211,2,Sommerhus,52,1952,,Aktuel værdi
Andkær Bygade 337080 Børkop,rkop,1.080.000,29-10-2005,Alm. Salg,9.391,5,Villa,115,1971,,Aktuel værdi
Lien 57080 Børkop,rkop,1.750.000,24-10-2005,Alm. Salg,8.620,7,Villa,203,1978,,Aktuel værdi
"Brejning Strand 101, ST. TV7080 Børkop",rkop,1.945.000,24-10-2005,Alm. Salg,16.767,3,Lejlighed,116,1920,,Aktuel værdi
Becksvej 137080 Børkop,rkop,2.500.000,21-10-2005,Alm. Salg,22.123,5,Sommerhus,113,1947,,Aktuel værdi
Gauerslund Skovvej 1067080 Børkop,rkop,1.600.000,20-10-2005,Fam. Salg,7.174,8,Stuehus,223,1856,,
Elbækvej 497080 Børkop,rkop,1.125.000,20-10-2005,Alm. Salg,10.817,4,Villa,104,1979,,Aktuel værdi
Bundsgaard 22A7080 Børkop,rkop,1.537.000,14-10-2005,Alm. Salg,12.007,4,Rækkehus,128,2007,,Aktuel værdi
Mads Madsens Vænge 177080 Børkop,rkop,1.000.000,14-10-2005,Alm. Salg,8.928,4,Sommerhus,112,2010,,Aktuel værdi
Hjulgyden 97080 Børkop,rkop,900.000,11-10-2005,Alm. Salg,9.090,3,Villa,99,1900,,Aktuel værdi
Sct. Jørgens Parken 87080 Børkop,rkop,1.425.000,11-10-2005,Alm. Salg,10.035,4,Villa,142,1977,,Aktuel værdi
Svendsgade 157080 Børkop,rkop,1.380.000,11-10-2005,Alm. Salg,9.261,5,Villa,149,1974,,Aktuel værdi
Niels Pedersensvej 397080 Børkop,rkop,260.000,10-10-2005,Fam. Salg,3.714,3,Sommerhus,70,1877,,Aktuel værdi
Nyvej 117080 Børkop,rkop,1.821.000,10-10-2005,Alm. Salg,14.804,6,Villa,123,1933,,Aktuel værdi
Klosterbakken 287080 Børkop,rkop,462.679,07-10-2005,Alm. Salg,-,5,Villa,164,1971,,Aktuel værdi
Skikballevej 207080 Børkop,rkop,1.710.000,05-10-2005,Alm. Salg,9.941,7,Villa,172,1914,,Aktuel værdi
Hjortedalsvej 137080 Børkop,rkop,1.110.000,04-10-2005,Alm. Salg,20.555,3,Sommerhus,54,1991,,Aktuel værdi
Niels Pedersensvej 77080 Børkop,rkop,1.550.000,30-09-2005,Alm. Salg,18.235,3,Sommerhus,85,1999,,Aktuel værdi
J.L. Varmingsvej 37080 Børkop,rkop,1.800.000,29-09-2005,Alm. Salg,4.137,11,Døgninstitution,435,1900,,Aktuel værdi
Brejning Søndergade 297080 Børkop,rkop,1.445.000,29-09-2005,Alm. Salg,10.783,4,Villa,134,1956,,Aktuel værdi
Brandtlundvej 147080 Børkop,rkop,3.495.000,28-09-2005,Andet,13.705,13,Stuehus,255,1890,,
Brejning Vestergade 47080 Børkop,rkop,1.225.000,24-09-2005,Alm. Salg,12.628,4,Villa,97,1954,,Aktuel værdi
Blåbærvej 97080 Børkop,rkop,1.050.000,23-09-2005,Alm. Salg,14.788,3,Sommerhus,71,1950,,Aktuel værdi
Mølleparken 287080 Børkop,rkop,290.000,21-09-2005,Alm. Salg,1.676,4,Villa,173,2006,,Aktuel værdi
Birkevang 28A7080 Børkop,rkop,238.000,15-09-2005,Fam. Salg,5.534,2,Rækkehus,43,1967,,Aktuel værdi
Bystedvej 177080 Børkop,rkop,1.175.000,12-09-2005,Alm. Salg,8.274,4,Villa,142,1967,,Aktuel værdi
Borgvold 67080 Børkop,rkop,1.270.000,08-09-2005,Alm. Salg,10.495,4,Villa,121,1976,,Aktuel værdi
Bystedparken 897080 Børkop,rkop,350.000,04-09-2005,Alm. Salg,2.023,5,Villa,173,2008,,Aktuel værdi
Nebbe Møllevej 1067080 Børkop,rkop,1.550.000,01-09-2005,Alm. Salg,8.611,8,Stuehus,180,1880,,
Kragelundvænget 397080 Børkop,rkop,390.000,30-08-2005,Alm. Salg,2.154,5,Villa,181,2007,,Aktuel værdi
Kragelundvænget 197080 Børkop,rkop,390.000,30-08-2005,Alm. Salg,2.142,6,Villa,182,2006,,Aktuel værdi
Kragelundvænget 377080 Børkop,rkop,390.000,30-08-2005,Alm. Salg,1.805,6,Villa,216,2007,,Aktuel værdi
Kæragervej 77080 Børkop,rkop,1.014.923,30-08-2005,Alm. Salg,9.950,4,Villa,102,1964,,Aktuel værdi
Kragelundvænget 217080 Børkop,rkop,390.000,30-08-2005,Alm. Salg,2.052,6,Villa,190,2006,,Aktuel værdi
Kragelundvænget 137080 Børkop,rkop,390.000,30-08-2005,Alm. Salg,2.203,6,Villa,177,2007,,Aktuel værdi
Blåbærvej 107080 Børkop,rkop,1.125.000,29-08-2005,Alm. Salg,16.071,4,Sommerhus,70,1960,,Aktuel værdi
Borgvold 617080 Børkop,rkop,1.065.000,18-08-2005,Alm. Salg,11.451,4,Villa,93,1978,,Aktuel værdi
Olafsvej 67080 Børkop,rkop,1.050.000,18-08-2005,Fam. Salg,7.608,4,Villa,138,1977,,Aktuel værdi
Dr. Friesvej 47080 Børkop,rkop,1.155.000,11-08-2005,Fam. Salg,9.625,3,Villa,120,1961,,Aktuel værdi
Becksvej 27080 Børkop,rkop,1.099.000,08-08-2005,Alm. Salg,17.171,3,Sommerhus,64,1974,,Aktuel værdi
Skovbyvej 18C7080 Børkop,rkop,1.082.089,05-08-2005,Fam. Salg,6.402,4,Villa,169,2003,,Aktuel værdi
Damsbo 87080 Børkop,rkop,601.500,31-07-2005,Fam. Salg,3.476,5,Villa,173,1978,,Aktuel værdi
Lilholtparken 307080 Børkop,rkop,2.450.000,30-07-2005,Alm. Salg,14.080,4,Villa,174,2002,,Aktuel værdi
Mejsevej 87080 Børkop,rkop,1.383.000,29-07-2005,Alm. Salg,7.240,8,Villa,191,1973,,Aktuel værdi
Damkærvej 87080 Børkop,rkop,1.250.000,26-07-2005,Alm. Salg,5.868,5,Villa,213,1901,,Aktuel værdi
Fjordparken 97080 Børkop,rkop,500.000,25-07-2005,Alm. Salg,4.201,4,Sommerhus,119,2007,,Aktuel værdi
Kragelundvænget 667080 Børkop,rkop,2.450.000,22-07-2005,Alm. Salg,13.387,5,Villa,183,2000,,Aktuel værdi
Højbovej 37080 Børkop,rkop,1.315.000,20-07-2005,Alm. Salg,10.115,5,Villa,130,1962,,Aktuel værdi
Bystedparken 877080 Børkop,rkop,350.000,15-07-2005,Alm. Salg,2.348,6,Villa,149,2007,,Aktuel værdi
Bystedparken 857080 Børkop,rkop,350.000,14-07-2005,Alm. Salg,1.658,6,Villa,211,2008,,Aktuel værdi
Elbækvej 377080 Børkop,rkop,1.250.000,13-07-2005,Alm. Salg,12.376,3,Villa,101,1964,,Aktuel værdi
Vigen Skovvej 1047080 Børkop,rkop,7.200.000,11-07-2005,Alm. Salg,90.000,3,Sommerhus,80,1873,,Aktuel værdi
Johs. Jensensvej 17080 Børkop,rkop,979.000,10-07-2005,Alm. Salg,18.826,3,Sommerhus,52,1960,,Aktuel værdi
Rønnevang 407080 Børkop,rkop,360.000,08-07-2005,Alm. Salg,2.368,5,Villa,152,2006,,Aktuel værdi
Bystedparken 837080 Børkop,rkop,375.000,08-07-2005,Alm. Salg,2.500,4,Villa,150,2006,,Aktuel værdi
Mølletoften 627080 Børkop,rkop,1.699.000,06-07-2005,Alm. Salg,7.653,6,Villa,222,1978,,Aktuel værdi
Hørgyden 327080 Børkop,rkop,1.350.000,05-07-2005,Alm. Salg,9.246,6,Villa,146,1939,,Aktuel værdi
Bystedparken 917080 Børkop,rkop,375.000,04-07-2005,Alm. Salg,2.155,5,Villa,174,2007,,Aktuel værdi
Niels Pedersensvej 117080 Børkop,rkop,1.750.000,04-07-2005,Alm. Salg,19.021,4,Sommerhus,92,2004,,Aktuel værdi
Overgaden 20B7080 Børkop,rkop,1.298.000,28-06-2005,Alm. Salg,12.245,2,Villa,106,1999,,Aktuel værdi
Vigen 127080 Børkop,rkop,815.000,25-06-2005,Alm. Salg,-,3,Sommerhus,52,1945,,Aktuel værdi
Karl Tømrersvej 57080 Børkop,rkop,800.000,24-06-2005,Alm. Salg,7.407,4,Villa,108,1964,,Aktuel værdi
Vognsvadvej 207080 Børkop,rkop,1.150.000,23-06-2005,Alm. Salg,7.012,4,Villa,164,1900,,Aktuel værdi
Høgevej 117080 Børkop,rkop,1.290.000,23-06-2005,Alm. Salg,8.600,5,Villa,150,1974,,Aktuel værdi
Bystedparken 367080 Børkop,rkop,954.500,20-06-2005,Alm. Salg,6.279,4,Villa,152,1999,,Aktuel værdi
Trinesvej 17080 Børkop,rkop,1.110.000,18-06-2005,Alm. Salg,27.073,1,Sommerhus,41,1965,,Aktuel værdi
Kirstinesvej 27080 Børkop,rkop,11.110.000,18-06-2005,Alm. Salg,138.875,2,Sommerhus,80,2007,,Aktuel værdi
Gauerslund Skovvej 1147080 Børkop,rkop,325.000,17-06-2005,Alm. Salg,1.795,6,Villa,181,1857,,Aktuel værdi
Vestergade 327080 Børkop,rkop,1.515.000,17-06-2005,Alm. Salg,10.899,6,Villa,139,1939,,Aktuel værdi
Stationsvej 57080 Børkop,rkop,1.430.000,17-06-2005,Alm. Salg,6.470,6,Villa,221,1930,,Aktuel værdi
Mølle Skovvej 1047080 Børkop,rkop,92.150,16-06-2005,Andet,445,3,Stuehus,207,1900,,
Frits Nielsensvej 2A7080 Børkop,rkop,2.000.000,16-06-2005,Alm. Salg,15.037,5,Sommerhus,133,1991,,Aktuel værdi
Pytvej 147080 Børkop,rkop,1.435.000,16-06-2005,Alm. Salg,28.700,3,Sommerhus,50,2014,,Aktuel værdi
Fjordvej 27080 Børkop,rkop,1.568.378,14-06-2005,Alm. Salg,12.648,4,Sommerhus,124,1991,,Aktuel værdi
Syrenvej 67080 Børkop,rkop,1.500.000,14-06-2005,Alm. Salg,7.772,6,Villa,193,1966,,Aktuel værdi
Udsigten 97080 Børkop,rkop,782.000,13-06-2005,Fam. Salg,11.171,5,Sommerhus,70,1986,,Aktuel værdi
Ved Hegnet 47080 Børkop,rkop,850.000,12-06-2005,Alm. Salg,9.659,4,Sommerhus,88,2006,,Aktuel værdi
Hasseltoften 97080 Børkop,rkop,1.220.000,09-06-2005,Alm. Salg,15.443,4,Sommerhus,79,2016,,Aktuel værdi
Krogbuskevej 1427080 Børkop,rkop,1.400.001,09-06-2005,Alm. Salg,8.187,6,Villa,171,1941,,Aktuel værdi
Amaliehaven 7A7080 Børkop,rkop,1.162.500,07-06-2005,Alm. Salg,12.635,2,Rækkehus,92,2000,,Aktuel værdi
Hjortedalsvej 77080 Børkop,rkop,795.000,01-06-2005,Alm. Salg,20.921,3,Sommerhus,38,1973,,Aktuel værdi
Toftumvej 407080 Børkop,rkop,700.000,27-05-2005,Fam. Salg,7.216,4,Villa,97,1965,,Aktuel værdi
Granvej 97080 Børkop,rkop,950.000,27-05-2005,Alm. Salg,12.179,2,Sommerhus,78,1936,,Aktuel værdi
Ouskær 167080 Børkop,rkop,3.575.000,26-05-2005,Alm. Salg,7.788,10,Villa,459,1932,,Aktuel værdi
Kirstinesvej 337080 Børkop,rkop,900.000,25-05-2005,Fam. Salg,11.250,4,Sommerhus,80,1977,,Aktuel værdi
Roarsvej 147080 Børkop,rkop,1.080.000,22-05-2005,Alm. Salg,-,7,Villa,193,1972,,Aktuel værdi
Andkær Bygade 67080 Børkop,rkop,880.000,21-05-2005,Alm. Salg,9.777,4,Villa,90,1936,,Aktuel værdi
Granvej 77080 Børkop,rkop,700.000,20-05-2005,Alm. Salg,-,2,Sommerhus,36,1935,,Aktuel værdi
Sellerup Strandvej 397080 Børkop,rkop,900.000,20-05-2005,Alm. Salg,16.666,2,Villa,54,1939,,Aktuel værdi
Brejning Nørregade 87080 Børkop,rkop,1.555.000,16-05-2005,Alm. Salg,11.961,5,Villa,130,1900,,Aktuel værdi
Kragelundvænget 547080 Børkop,rkop,1.925.000,15-05-2005,Alm. Salg,14.051,5,Villa,137,2001,,Aktuel værdi
Niels Pedersensvej 97080 Børkop,rkop,1.575.000,11-05-2005,Alm. Salg,18.529,4,Sommerhus,85,1999,,Aktuel værdi
Skovvej 127080 Børkop,rkop,1.050.000,10-05-2005,Alm. Salg,-,7,Villa,206,1960,,Aktuel værdi
Lykkevej 47080 Børkop,rkop,1.000.000,10-05-2005,Alm. Salg,11.111,4,Sommerhus,90,1967,,Aktuel værdi
Mads Madsens Vænge 227080 Børkop,rkop,1.500.000,09-05-2005,Alm. Salg,12.000,4,Sommerhus,125,2012,,Aktuel værdi
Olesvej 117080 Børkop,rkop,2.250.000,09-05-2005,Alm. Salg,30.405,4,Sommerhus,74,2001,,Aktuel værdi
Borgergade 57080 Børkop,rkop,990.000,08-05-2005,Alm. Salg,10.102,6,Erhverv,98,1897,,Aktuel værdi
Thyrasvej 97080 Børkop,rkop,1.600.000,06-05-2005,Alm. Salg,6.250,7,Villa,256,1973,,Aktuel værdi
Viggo Andersensvej 77080 Børkop,rkop,775.000,05-05-2005,Alm. Salg,7.750,3,Villa,100,1965,,Aktuel værdi
Solbakken 187080 Børkop,rkop,790.500,04-05-2005,Fam. Salg,11.625,3,Sommerhus,68,1967,,Aktuel værdi
Brejning Strand 1037080 Børkop,rkop,1.975.000,01-05-2005,Alm. Salg,4.636,7,Villa,426,1908,,Aktuel værdi
Hybenvej 237080 Børkop,rkop,1.120.000,28-04-2005,Alm. Salg,7.466,7,Villa,150,1970,,Aktuel værdi
Skovbyvej 20I7080 Børkop,rkop,125.000,25-04-2005,Alm. Salg,781,4,Villa,160,2005,,Aktuel værdi
Bystedvej 217080 Børkop,rkop,1.265.000,25-04-2005,Alm. Salg,7.906,6,Villa,160,1972,,Aktuel værdi
Sellerupvej 17080 Børkop,rkop,1.010.000,20-04-2005,Alm. Salg,8.938,4,Villa,113,1987,,Aktuel værdi
"Brejning Strand 101, ST. MF7080 Børkop",rkop,2.100.000,20-04-2005,Alm. Salg,15.909,4,Lejlighed,132,1920,,Aktuel værdi
Sellerup Strandvej 317080 Børkop,rkop,350.000,20-04-2005,Alm. Salg,6.862,1,Sommerhus,51,2008,,Aktuel værdi
Fjordvænget 117080 Børkop,rkop,675.000,19-04-2005,Alm. Salg,2.884,7,Villa,234,2007,,Aktuel værdi
Vigen 207080 Børkop,rkop,1.645.000,13-04-2005,Alm. Salg,20.562,4,Sommerhus,80,1996,,Aktuel værdi
Dyrehaven 187080 Børkop,rkop,775.000,13-04-2005,Alm. Salg,4.558,4,Villa,170,2006,,Aktuel værdi
Skovbyvej 20D7080 Børkop,rkop,375.000,08-04-2005,Alm. Salg,2.314,4,Villa,162,2007,,Aktuel værdi
Bjerrevænget 307080 Børkop,rkop,1.150.000,03-04-2005,Alm. Salg,9.349,4,Villa,123,1977,,Aktuel værdi
Andkærvej 2247080 Børkop,rkop,7.679.000,01-04-2005,Andet,40.415,11,Stuehus,190,1902,,
Plutovej 37080 Børkop,rkop,1.365.000,29-03-2005,Alm. Salg,9.750,4,Villa,140,1974,,Aktuel værdi
Rønnevang 487080 Børkop,rkop,400.000,29-03-2005,Alm. Salg,2.272,6,Villa,176,2005,,Aktuel værdi
Vigen 667080 Børkop,rkop,1.875.000,26-03-2005,Alm. Salg,23.437,3,Sommerhus,80,1994,,Aktuel værdi
Bundsgaard 147080 Børkop,rkop,360.000,25-03-2005,Alm. Salg,-,7,Villa,205,2006,,Aktuel værdi
"Brejning Strand 1D, ST7080 Børkop",rkop,3.895.000,18-03-2005,Alm. Salg,18.116,4,Lejlighed,215,1892,,Aktuel værdi
Kragelundvænget 527080 Børkop,rkop,258.000,18-03-2005,Alm. Salg,1.664,5,Villa,155,2005,,Aktuel værdi
"Hagenvej 105C, 17080 Børkop",rkop,4.400.000,18-03-2005,Alm. Salg,-,3,Lejlighed,203,1968,,Aktuel værdi
Rønnevang 67080 Børkop,rkop,250.000,16-03-2005,Alm. Salg,1.488,5,Villa,168,2006,,Aktuel værdi
Tangvej 17080 Børkop,rkop,940.000,14-03-2005,Alm. Salg,12.533,2,Sommerhus,75,1950,,Aktuel værdi
Høllvej 37080 Børkop,rkop,1.400.000,09-03-2005,Alm. Salg,9.790,5,Villa,143,1948,,Aktuel værdi
Overgaden 22B7080 Børkop,rkop,1.075.000,07-03-2005,Alm. Salg,11.559,3,Villa,93,1999,,Aktuel værdi
Rønnevang 287080 Børkop,rkop,265.000,04-03-2005,Alm. Salg,1.720,5,Villa,154,2006,,Aktuel værdi
Rønnevang 467080 Børkop,rkop,360.000,04-03-2005,Alm. Salg,2.208,5,Villa,163,2006,,Aktuel værdi
Karl Tømrersvej 157080 Børkop,rkop,1.300.000,03-03-2005,Alm. Salg,5.652,7,Villa,230,1975,,Aktuel værdi
Tyttebærvej 47080 Børkop,rkop,500.000,01-03-2005,Alm. Salg,10.869,2,Sommerhus,46,1952,,Aktuel værdi
Bundsgaard 167080 Børkop,rkop,360.000,01-03-2005,Alm. Salg,1.747,6,Villa,206,2006,,Aktuel værdi
Rønnevang 227080 Børkop,rkop,265.000,28-02-2005,Alm. Salg,1.666,5,Villa,159,2006,,Aktuel værdi
Skovbyvej 857080 Børkop,rkop,364.108,28-02-2005,Fam. Salg,5.968,3,Villa,61,1949,,Aktuel værdi
Kragelundvænget 627080 Børkop,rkop,2.090.000,27-02-2005,Alm. Salg,13.483,4,Villa,155,2001,,Aktuel værdi
Fredericiavej 4327080 Børkop,rkop,1.900.000,22-02-2005,Alm. Salg,9.500,5,Villa,200,1904,,Aktuel værdi
Dyrehaven 127080 Børkop,rkop,800.000,20-02-2005,Alm. Salg,3.539,5,Villa,226,2007,,Aktuel værdi
Bundsgaard 27080 Børkop,rkop,360.000,15-02-2005,Alm. Salg,2.322,6,Villa,155,2006,,Aktuel værdi
Bundsgaard 67080 Børkop,rkop,360.000,15-02-2005,Alm. Salg,2.080,6,Villa,173,2005,,Aktuel værdi
Folmersvej 97080 Børkop,rkop,1.255.000,09-02-2005,Alm. Salg,44.821,2,Sommerhus,28,2003,,Aktuel værdi
Krokusvej 197080 Børkop,rkop,951.111,07-02-2005,Alm. Salg,-,4,Sommerhus,109,1957,,Aktuel værdi
"Brejning Søndergade 44, 1. 17080 Børkop",rkop,640.000,05-02-2005,Alm. Salg,6.666,4,Lejlighed,96,1979,,Aktuel værdi
Kirkegade 227080 Børkop,rkop,951.111,04-02-2005,Alm. Salg,7.316,5,Villa,130,1931,,Aktuel værdi
"Brejning Strand 1C, 2. TH7080 Børkop",rkop,3.411.000,02-02-2005,Alm. Salg,12.969,5,Lejlighed,263,1892,,Aktuel værdi
Rosenvej 1C7080 Børkop,rkop,740.000,02-02-2005,Alm. Salg,10.882,2,Rækkehus,68,1990,,Aktuel værdi
Møllegårdsvej 2B7080 Børkop,rkop,900.000,02-02-2005,Alm. Salg,3.461,5,Villa,260,2006,,Aktuel værdi
Skovbrynet 57080 Børkop,rkop,965.000,01-02-2005,Alm. Salg,10.376,3,Villa,93,1967,,Aktuel værdi
Brejning Østergade 67080 Børkop,rkop,1.135.000,28-01-2005,Alm. Salg,7.229,6,Villa,157,1936,,Aktuel værdi
Elbækvej 357080 Børkop,rkop,377.196,28-01-2005,Fam. Salg,2.993,4,Villa,126,1963,,Aktuel værdi
Roarsvej 17080 Børkop,rkop,1.345.000,28-01-2005,Alm. Salg,9.212,6,Villa,146,1976,,Aktuel værdi
Brejning Østergade 87080 Børkop,rkop,1.375.000,27-01-2005,Alm. Salg,8.702,5,Villa,158,1932,,Aktuel værdi
Mølleparken 167080 Børkop,rkop,290.000,25-01-2005,Alm. Salg,1.611,6,Villa,180,2005,,Aktuel værdi
Skovbrynet 117080 Børkop,rkop,1.610.000,25-01-2005,Alm. Salg,5.551,8,Villa,290,1971,,Aktuel værdi
Bundsgaard 267080 Børkop,rkop,360.000,23-01-2005,Alm. Salg,2.208,6,Villa,163,2005,,Aktuel værdi
Baldersvej 67080 Børkop,rkop,1.000.000,17-01-2005,Alm. Salg,10.416,3,Rækkehus,96,1978,,Aktuel værdi
Dyrehaven 67080 Børkop,rkop,800.000,16-01-2005,Alm. Salg,3.162,7,Villa,253,2006,,Aktuel værdi
Blåbærvej 157080 Børkop,rkop,1.075.000,15-01-2005,Alm. Salg,13.961,4,Sommerhus,77,1982,,Aktuel værdi
Signesvej 47080 Børkop,rkop,275.000,07-01-2005,Alm. Salg,1.896,6,Villa,145,2006,,Aktuel værdi
Overhøll 1217080 Børkop,rkop,1.550.000,06-01-2005,Alm. Salg,5.201,7,Villa,298,1964,,Aktuel værdi
Birkevang 26D7080 Børkop,rkop,230.000,03-01-2005,Alm. Salg,5.476,2,Rækkehus,42,1967,,Aktuel værdi
Skovvænget 16B7080 Børkop,rkop,1.115.000,30-12-2004,Alm. Salg,11.150,4,Rækkehus,100,2004,,Aktuel værdi
Grønningen 37080 Børkop,rkop,370.000,28-12-2004,Fam. Salg,6.166,3,Sommerhus,60,1948,,Aktuel værdi
Solkrogen 77080 Børkop,rkop,785.000,28-12-2004,Alm. Salg,10.194,4,Sommerhus,77,2012,,Aktuel værdi
Solbakken 307080 Børkop,rkop,1.055.000,22-12-2004,Alm. Salg,21.100,3,Sommerhus,50,1969,,Aktuel værdi
Børkop Skovvej 1177080 Børkop,rkop,250.000,18-12-2004,Alm. Salg,2.252,4,Villa,111,1937,,Aktuel værdi
Randsborgvej 277080 Børkop,rkop,820.000,16-12-2004,Fam. Salg,14.385,4,Sommerhus,57,1979,,Aktuel værdi
Hjulgyden 57080 Børkop,rkop,133.644,14-12-2004,Fam. Salg,1.336,4,Villa,100,1963,,Aktuel værdi
Johs. Jensensvej 107080 Børkop,rkop,615.000,09-12-2004,Fam. Salg,9.318,3,Sommerhus,66,1979,,Aktuel værdi
Borggårdsparken 4B7080 Børkop,rkop,810.000,09-12-2004,Alm. Salg,9.529,3,Rækkehus,85,1986,,Aktuel værdi
Amaliehaven 107080 Børkop,rkop,260.000,06-12-2004,Alm. Salg,1.780,5,Villa,146,2005,,Aktuel værdi
Gormsvej 67080 Børkop,rkop,1.275.000,03-12-2004,Alm. Salg,9.807,4,Villa,130,1972,,Aktuel værdi
Rønnealle 17080 Børkop,rkop,900.000,02-12-2004,Alm. Salg,25.714,3,Sommerhus,35,1960,,Aktuel værdi
Borgvold 497080 Børkop,rkop,925.000,01-12-2004,Alm. Salg,4.322,7,Villa,214,1979,,Aktuel værdi
Toftevej 17080 Børkop,rkop,875.000,01-12-2004,Alm. Salg,8.750,4,Villa,100,1965,,Aktuel værdi
Båskærvej 167080 Børkop,rkop,629.000,29-11-2004,Fam. Salg,9.828,3,Sommerhus,64,1932,,Aktuel værdi
Udsigten 107080 Børkop,rkop,1.270.000,29-11-2004,Alm. Salg,14.111,4,Sommerhus,90,1988,,Aktuel værdi
Rønnevang 667080 Børkop,rkop,250.000,24-11-2004,Alm. Salg,1.196,5,Villa,209,2006,,Aktuel værdi
Roarsvej 157080 Børkop,rkop,1.215.000,23-11-2004,Alm. Salg,9.346,4,Villa,130,1973,,Aktuel værdi
Hvidbjergvej 797080 Børkop,rkop,995.000,23-11-2004,Alm. Salg,-,4,Sommerhus,82,1925,,Aktuel værdi
Rønnevang 207080 Børkop,rkop,265.000,23-11-2004,Alm. Salg,1.962,5,Villa,135,2005,,Aktuel værdi
Rønnevang 507080 Børkop,rkop,400.000,23-11-2004,Alm. Salg,2.777,4,Villa,144,2006,,Aktuel værdi
Bundsgaard 207080 Børkop,rkop,360.000,22-11-2004,Alm. Salg,2.222,5,Villa,162,2006,,Aktuel værdi
Sellerup Strandvej 877080 Børkop,rkop,216.667,18-11-2004,Fam. Salg,4.609,2,Sommerhus,47,1950,,Aktuel værdi
Kraggyden 157080 Børkop,rkop,1.000.000,18-11-2004,Alm. Salg,8.547,4,Villa,117,1965,,Aktuel værdi
Hvidbjergvej 147080 Børkop,rkop,200.000,17-11-2004,Alm. Salg,1.574,4,Villa,127,1938,,Aktuel værdi
Bundsgaard 287080 Børkop,rkop,360.000,15-11-2004,Alm. Salg,2.000,6,Villa,180,2006,,Aktuel værdi
Pytvej 107080 Børkop,rkop,400.000,14-11-2004,Fam. Salg,20.000,3,Sommerhus,20,1947,,Aktuel værdi
Båskærvej 57080 Børkop,rkop,552.500,12-11-2004,Fam. Salg,6.577,4,Sommerhus,84,1934,,Aktuel værdi
Hvidkløvervej 57080 Børkop,rkop,327.250,12-11-2004,Fam. Salg,3.272,4,Sommerhus,100,2009,,Aktuel værdi
Amaliehaven 197080 Børkop,rkop,1.929.000,09-11-2004,Alm. Salg,11.414,6,Villa,169,2000,,Aktuel værdi
Poppelvej 47080 Børkop,rkop,800.000,05-11-2004,Fam. Salg,19.047,3,Sommerhus,42,2007,,Aktuel værdi
Lodsvej 1277080 Børkop,rkop,200.000,03-11-2004,Alm. Salg,3.846,6,Sommerhus,52,1950,,Aktuel værdi
Mølleparken 147080 Børkop,rkop,330.000,01-11-2004,Alm. Salg,1.534,6,Villa,215,2005,,Aktuel værdi
Skovbyvej 257080 Børkop,rkop,920.000,29-10-2004,Alm. Salg,8.000,4,Villa,115,1967,,Aktuel værdi
Dortheasvej 87080 Børkop,rkop,490.000,29-10-2004,Alm. Salg,-,7,Villa,188,1959,,Aktuel værdi
Gårslev Nørregade 177080 Børkop,rkop,1.070.000,28-10-2004,Alm. Salg,8.425,4,Villa,127,1967,,Aktuel værdi
Niels Pedersensvej 127080 Børkop,rkop,3.287.800,28-10-2004,Alm. Salg,29.355,4,Sommerhus,112,2005,,Aktuel værdi
Nymarksvej 67080 Børkop,rkop,1.060.000,26-10-2004,Alm. Salg,7.260,6,Villa,146,1959,,Aktuel værdi
Hvidbjergvej 597080 Børkop,rkop,1.100.000,26-10-2004,Alm. Salg,6.321,5,Sommerhus,174,1930,,Aktuel værdi
Irisvej 67080 Børkop,rkop,945.000,26-10-2004,Alm. Salg,5.462,6,Villa,173,1970,,Aktuel værdi
Kirkegade 167080 Børkop,rkop,1.379.991,25-10-2004,Alm. Salg,8.571,9,Villa,161,1843,,Aktuel værdi
Elmevej 137080 Børkop,rkop,1.235.000,25-10-2004,Alm. Salg,9.356,5,Villa,132,1974,,Aktuel værdi
Haraldsvej 17080 Børkop,rkop,1.250.000,25-10-2004,Alm. Salg,9.124,6,Villa,137,1972,,Aktuel værdi
Vestergade 37080 Børkop,rkop,1.600.000,22-10-2004,Alm. Salg,10.256,5,Villa,156,1927,,Aktuel værdi
Munkebo 87080 Børkop,rkop,949.000,22-10-2004,Alm. Salg,8.252,4,Villa,115,1972,,Aktuel værdi
Dr. Friesvej 117080 Børkop,rkop,850.000,22-10-2004,Alm. Salg,8.018,4,Villa,106,1964,,Aktuel værdi
Lyngbakkevej 57080 Børkop,rkop,1.500.000,22-10-2004,Alm. Salg,15.625,4,Sommerhus,96,1930,,Aktuel værdi
Sellerup Strandvej 417080 Børkop,rkop,1.790.000,21-10-2004,Alm. Salg,13.560,6,Villa,132,1940,,Aktuel værdi
Venusvej 57080 Børkop,rkop,1.300.000,18-10-2004,Alm. Salg,9.558,4,Villa,136,1974,,Aktuel værdi
Skovbyvej 18D7080 Børkop,rkop,275.000,14-10-2004,Alm. Salg,1.502,5,Villa,183,2005,,Aktuel værdi
Mølleparken 37080 Børkop,rkop,330.000,07-10-2004,Alm. Salg,1.864,7,Villa,177,2005,,Aktuel værdi
Strandengen 47080 Børkop,rkop,900.000,05-10-2004,Alm. Salg,12.000,2,Sommerhus,75,2008,,Aktuel værdi
Randsborgvej 47080 Børkop,rkop,840.000,01-10-2004,Alm. Salg,9.130,4,Sommerhus,92,2005,,Aktuel værdi
Skovbyvej 18B7080 Børkop,rkop,250.000,30-09-2004,Alm. Salg,1.724,5,Villa,145,2006,,Aktuel værdi
Amaliehaven 27080 Børkop,rkop,260.000,28-09-2004,Alm. Salg,1.699,5,Villa,153,2006,,Aktuel værdi
Nyvej 297080 Børkop,rkop,899.000,28-09-2004,Alm. Salg,11.675,3,Villa,77,1945,,Aktuel værdi
Lærkevej 37080 Børkop,rkop,1.500.000,28-09-2004,Alm. Salg,6.550,4,Villa,229,1969,,Aktuel værdi
Dortheasvej 207080 Børkop,rkop,840.000,27-09-2004,Fam. Salg,-,5,Villa,161,1969,,Aktuel værdi
Mølleparken 207080 Børkop,rkop,290.000,23-09-2004,Alm. Salg,1.318,7,Villa,220,2005,,Aktuel værdi
Vigen 107080 Børkop,rkop,785.000,21-09-2004,Alm. Salg,-,4,Sommerhus,87,1961,,Aktuel værdi
Rytterskolevej 207080 Børkop,rkop,250.000,17-09-2004,Alm. Salg,1.562,4,BygningTilLager,160,2006,,Aktuel værdi
Nørrelyst 277080 Børkop,rkop,784.994,15-09-2004,Alm. Salg,7.772,3,Villa,101,1962,,Aktuel værdi
Amaliehaven 47080 Børkop,rkop,260.000,13-09-2004,Alm. Salg,1.485,6,Villa,175,2006,,Aktuel værdi
Amaliehaven 87080 Børkop,rkop,260.000,09-09-2004,Alm. Salg,1.293,4,Villa,201,2006,,Aktuel værdi
Anemonevej 287080 Børkop,rkop,2.800.000,08-09-2004,Alm. Salg,37.333,4,Sommerhus,75,1945,,Aktuel værdi
Bjergstien 27080 Børkop,rkop,1.504.036,06-09-2004,Alm. Salg,11.842,4,Sommerhus,127,1967,,Aktuel værdi
Munkevej 57080 Børkop,rkop,241.009,02-09-2004,Alm. Salg,3.129,3,Villa,77,1957,,Aktuel værdi
Overgaden 287080 Børkop,rkop,750.000,02-09-2004,Alm. Salg,8.620,4,Villa,87,1900,,Aktuel værdi
Mejsevej 117080 Børkop,rkop,1.073.000,31-08-2004,Alm. Salg,8.795,4,Villa,122,1973,,Aktuel værdi
Nederbyvej 147080 Børkop,rkop,1.590.000,27-08-2004,Alm. Salg,8.594,7,Villa,185,1885,,Aktuel værdi
Brejning Søndergade 667080 Børkop,rkop,1.175.000,26-08-2004,Alm. Salg,6.216,7,Villa,189,1964,,Aktuel værdi
Hasseltoften 87080 Børkop,rkop,1.000.000,26-08-2004,Alm. Salg,12.500,4,Sommerhus,80,1974,,Aktuel værdi
Brejning Vestergade 87080 Børkop,rkop,750.000,19-08-2004,Alm. Salg,10.714,4,Villa,70,1956,,Aktuel værdi
Skovgårdsparken 627080 Børkop,rkop,1.235.000,17-08-2004,Alm. Salg,9.959,4,Villa,124,1980,,Aktuel værdi
Mads Madsens Vænge 457080 Børkop,rkop,370.000,12-08-2004,Alm. Salg,5.285,4,Sommerhus,70,1966,,Aktuel værdi
Stoffersvej 97080 Børkop,rkop,941.500,11-08-2004,Alm. Salg,12.553,2,Sommerhus,75,1960,,Aktuel værdi
Frits Nielsensvej 57080 Børkop,rkop,1.135.000,03-08-2004,Alm. Salg,13.197,5,Sommerhus,86,1964,,Aktuel værdi
Bjørnsvej 47080 Børkop,rkop,570.000,30-07-2004,Alm. Salg,7.037,3,Sommerhus,81,2007,,Aktuel værdi
Hvidbjerghusvej 167080 Børkop,rkop,4.200.000,28-07-2004,Alm. Salg,30.215,2,Sommerhus,139,1916,,Aktuel værdi
Amaliegade 9I7080 Børkop,rkop,970.000,27-07-2004,Alm. Salg,11.829,3,Rækkehus,82,2002,,Aktuel værdi
Solbakken 87080 Børkop,rkop,1.040.000,23-07-2004,Alm. Salg,-,6,Sommerhus,145,1968,,Aktuel værdi
Neden Bakken 27080 Børkop,rkop,1.380.000,13-07-2004,Alm. Salg,9.139,6,Villa,151,1984,,Aktuel værdi
Olesvej 37080 Børkop,rkop,1.080.000,12-07-2004,Alm. Salg,18.620,3,Sommerhus,58,1949,,Aktuel værdi
Møllevang 67080 Børkop,rkop,500.000,01-07-2004,Alm. Salg,3.731,4,Villa,134,2005,,Aktuel værdi
Høllsmindevej 17080 Børkop,rkop,800.000,01-07-2004,Fam. Salg,13.333,3,Sommerhus,60,1932,,Aktuel værdi
Mejsevej 67080 Børkop,rkop,1.175.000,29-06-2004,Alm. Salg,8.047,5,Villa,146,1972,,Aktuel værdi
Dyrehaven 167080 Børkop,rkop,1.100.000,28-06-2004,Alm. Salg,4.029,6,Villa,273,2006,,Aktuel værdi
Overbyparken 587080 Børkop,rkop,1.700.000,22-06-2004,Alm. Salg,10.625,3,Villa,160,1999,,Aktuel værdi
Kirkegade 47080 Børkop,rkop,1.175.000,21-06-2004,Alm. Salg,6.456,6,Villa,182,1928,,Aktuel værdi
Randsborgvej 27080 Børkop,rkop,610.000,18-06-2004,Alm. Salg,6.100,5,Sommerhus,100,2004,,Aktuel værdi
Gårslev Nørregade 17080 Børkop,rkop,975.000,14-06-2004,Alm. Salg,6.250,6,Villa,156,1961,,Aktuel værdi
Lilholtparken 237080 Børkop,rkop,1.857.500,14-06-2004,Alm. Salg,11.609,4,Villa,160,1998,,Aktuel værdi
Baldersvej 177080 Børkop,rkop,958.571,14-06-2004,Alm. Salg,8.558,4,Rækkehus,112,1979,,Aktuel værdi
Dr. Friesvej 57080 Børkop,rkop,1.028.965,14-06-2004,Alm. Salg,6.052,6,Villa,170,1965,,Aktuel værdi
Gregersensvej 187080 Børkop,rkop,877.500,09-06-2004,Alm. Salg,14.385,5,Sommerhus,61,1952,,Aktuel værdi
Brejning Vestergade 77080 Børkop,rkop,995.000,08-06-2004,Alm. Salg,9.476,5,Villa,105,1957,,Aktuel værdi
Fædrift 277080 Børkop,rkop,820.000,07-06-2004,Alm. Salg,13.666,4,Sommerhus,60,1983,,Aktuel værdi
Viggo Andersensvej 67080 Børkop,rkop,705.000,05-06-2004,Alm. Salg,9.527,3,Sommerhus,74,1969,,Aktuel værdi
Amaliehaven 67080 Børkop,rkop,260.000,04-06-2004,Alm. Salg,1.326,6,Villa,196,2005,,Aktuel værdi
Olafsvej 27080 Børkop,rkop,1.625.000,04-06-2004,Alm. Salg,11.284,5,Villa,144,1978,,Aktuel værdi
Kirkebakken 57080 Børkop,rkop,795.000,29-05-2004,Alm. Salg,7.794,4,Villa,102,1947,,Aktuel værdi
Randsborgvænget 87080 Børkop,rkop,1.156.525,28-05-2004,Alm. Salg,17.007,4,Sommerhus,68,1969,,Aktuel værdi
Møllegade 297080 Børkop,rkop,850.000,27-05-2004,Alm. Salg,-,5,Villa,177,1962,,Aktuel værdi
Brejning Nørregade 67080 Børkop,rkop,840.000,22-05-2004,Alm. Salg,7.058,5,Rækkehus,119,1898,,Aktuel værdi
Bjerrevænget 337080 Børkop,rkop,1.420.000,19-05-2004,Alm. Salg,10.142,5,Villa,140,1977,,Aktuel værdi
Munkehegnet 67080 Børkop,rkop,1.175.000,19-05-2004,Alm. Salg,7.436,5,Villa,158,1971,,Aktuel værdi
Tornvadshavevej 1087080 Børkop,rkop,845.000,17-05-2004,Alm. Salg,3.912,6,Villa,216,1850,,Aktuel værdi
Skovbyvej 20A7080 Børkop,rkop,260.000,17-05-2004,Alm. Salg,1.436,4,Villa,181,2010,,Aktuel værdi
Hasseltoften 37080 Børkop,rkop,807.000,12-05-2004,Alm. Salg,16.140,2,Sommerhus,50,1973,,Aktuel værdi
Hvidbjergvej 103A7080 Børkop,rkop,800.000,11-05-2004,Alm. Salg,-,6,Sommerhus,168,1913,,Aktuel værdi
Industrivej 47080 Børkop,rkop,1.099.000,10-05-2004,Alm. Salg,6.868,7,Villa,160,1969,,Aktuel værdi
Rønnevang 317080 Børkop,rkop,1.425.000,08-05-2004,Alm. Salg,10.326,4,Villa,138,1999,,Aktuel værdi
Fjordvej 67080 Børkop,rkop,425.000,03-05-2004,Alm. Salg,6.538,4,Sommerhus,65,1963,,Aktuel værdi
Mølleparken 67080 Børkop,rkop,330.000,03-05-2004,Alm. Salg,2.129,5,Villa,155,2005,,Aktuel værdi
Merkurvej 97080 Børkop,rkop,949.000,29-04-2004,Alm. Salg,7.029,4,Villa,135,1972,,Aktuel værdi
Enebærvej 57080 Børkop,rkop,549.740,28-04-2004,Alm. Salg,9.162,2,Sommerhus,60,1952,,Aktuel værdi
Bjørnsvej 147080 Børkop,rkop,865.000,22-04-2004,Alm. Salg,-,4,Sommerhus,81,1965,,Aktuel værdi
Vognsvadvej 107080 Børkop,rkop,1.440.000,20-04-2004,Alm. Salg,9.113,6,Villa,158,1991,,Aktuel værdi
Svinget 47080 Børkop,rkop,1.350.000,20-04-2004,Alm. Salg,22.881,3,Sommerhus,59,1973,,Aktuel værdi
Tornvadshavevej 1107080 Børkop,rkop,425.000,19-04-2004,Andet,5.666,5,Stuehus,75,1829,,
Mejsevej 47080 Børkop,rkop,1.130.000,19-04-2004,Alm. Salg,8.308,5,Villa,136,1972,,Aktuel værdi
Krokusvej 167080 Børkop,rkop,1.350.000,17-04-2004,Alm. Salg,-,1,Sommerhus,75,1947,,Aktuel værdi
Båskærvej 187080 Børkop,rkop,1.695.000,17-04-2004,Fam. Salg,20.178,3,Sommerhus,84,1929,,Aktuel værdi
Skovbyvej 18K7080 Børkop,rkop,260.000,14-04-2004,Alm. Salg,1.780,5,Villa,146,2005,,Aktuel værdi
Hvidbjergvej 1277080 Børkop,rkop,710.000,13-04-2004,Fam. Salg,-,3,Sommerhus,75,1961,,Aktuel værdi
Grønningen 27080 Børkop,rkop,278.000,12-04-2004,Fam. Salg,4.276,4,Sommerhus,65,2001,,Aktuel værdi
Fædrift 197080 Børkop,rkop,1.040.000,06-04-2004,Alm. Salg,10.612,4,Sommerhus,98,1980,,Aktuel værdi
Bjergstien 57080 Børkop,rkop,2.750.000,06-04-2004,Alm. Salg,16.666,5,Sommerhus,165,1997,,Aktuel værdi
Syrenvej 117080 Børkop,rkop,1.257.000,02-04-2004,Alm. Salg,8.324,5,Villa,151,1966,,Aktuel værdi
Skovgårdsparken 617080 Børkop,rkop,1.270.000,30-03-2004,Auktion,7.094,5,Villa,179,1978,,Aktuel værdi
Karen Andersensvej 17080 Børkop,rkop,850.000,25-03-2004,Alm. Salg,16.666,2,Sommerhus,51,1967,,Aktuel værdi
Violvej 67080 Børkop,rkop,1.485.000,25-03-2004,Alm. Salg,23.951,4,Sommerhus,62,1987,,Aktuel værdi
Enebærvej 127080 Børkop,rkop,800.000,24-03-2004,Alm. Salg,-,3,Sommerhus,51,1985,,Aktuel værdi
Amaliehaven 217080 Børkop,rkop,248.000,23-03-2004,Alm. Salg,1.600,5,Villa,155,2004,,Aktuel værdi
Neden Bakken 47080 Børkop,rkop,1.175.000,22-03-2004,Alm. Salg,9.108,4,Villa,129,1984,,Aktuel værdi
Enghavevej 57080 Børkop,rkop,845.000,18-03-2004,Alm. Salg,7.412,5,Villa,114,1964,,Aktuel værdi
Poppelvang 217080 Børkop,rkop,1.250.000,17-03-2004,Alm. Salg,8.928,5,Villa,140,1972,,Aktuel værdi
Skovbyvej 18G7080 Børkop,rkop,275.000,16-03-2004,Alm. Salg,1.797,5,Villa,153,2005,,Aktuel værdi
Frits Nielsensvej 97080 Børkop,rkop,1.085.000,16-03-2004,Alm. Salg,13.910,4,Sommerhus,78,1973,,Aktuel værdi
Gårslev Østergade 237080 Børkop,rkop,829.000,16-03-2004,Alm. Salg,5.921,5,Villa,140,1890,,Aktuel værdi
Birkevang 28E7080 Børkop,rkop,255.000,11-03-2004,Alm. Salg,5.930,2,Rækkehus,43,1967,,Aktuel værdi
Egevang 257080 Børkop,rkop,880.000,09-03-2004,Alm. Salg,8.800,4,Villa,100,1964,,Aktuel værdi
Blåbærvej 67080 Børkop,rkop,520.000,08-03-2004,Fam. Salg,6.500,3,Sommerhus,80,1970,,Aktuel værdi
Haraldsvej 77080 Børkop,rkop,1.269.000,03-03-2004,Alm. Salg,7.169,6,Villa,177,1974,,Aktuel værdi
Olafsvej 77080 Børkop,rkop,1.000.000,02-03-2004,Alm. Salg,7.092,4,Villa,141,1976,,Aktuel værdi
Elbækvej 327080 Børkop,rkop,925.000,26-02-2004,Alm. Salg,5.409,5,Villa,171,1930,,Aktuel værdi
Gårslev Østergade 247080 Børkop,rkop,650.000,25-02-2004,Alm. Salg,5.508,4,Villa,118,1966,,Aktuel værdi
Amaliehaven 9A7080 Børkop,rkop,1.044.150,24-02-2004,Alm. Salg,11.107,3,Rækkehus,94,2004,,Aktuel værdi
Larsens Plads 17080 Børkop,rkop,654.500,24-02-2004,Fam. Salg,9.218,3,Sommerhus,71,1968,,Aktuel værdi
Bystedvænget 127080 Børkop,rkop,959.000,24-02-2004,Alm. Salg,7.210,4,Villa,133,1972,,Aktuel værdi
Bøgevang 247080 Børkop,rkop,850.000,20-02-2004,Alm. Salg,10.119,3,Villa,84,1964,,Aktuel værdi
Nyboesgade 147080 Børkop,rkop,889.000,20-02-2004,Alm. Salg,7.867,4,Villa,113,1958,,Aktuel værdi
Nyboesgade 47080 Børkop,rkop,1.100.000,11-02-2004,Alm. Salg,9.090,4,Villa,121,1935,,Aktuel værdi
Vestergade 21E7080 Børkop,rkop,810.000,10-02-2004,Alm. Salg,9.642,3,Rækkehus,84,1993,,Aktuel værdi
Merkurvej 37080 Børkop,rkop,1.135.000,03-02-2004,Alm. Salg,6.755,5,Villa,168,1973,,Aktuel værdi
Niels Pedersensvej 157080 Børkop,rkop,400.000,31-01-2004,Alm. Salg,4.545,4,Sommerhus,88,2004,,Aktuel værdi
Mejsevej 167080 Børkop,rkop,1.245.000,26-01-2004,Alm. Salg,7.685,4,Villa,162,1973,,Aktuel værdi
Niels Pedersensvej 3B7080 Børkop,rkop,250.000,22-01-2004,Alm. Salg,2.976,3,Sommerhus,84,2005,,Aktuel værdi
Bystedparken 177080 Børkop,rkop,1.340.000,20-01-2004,Alm. Salg,7.528,5,Villa,178,1997,,Aktuel værdi
Vigen 427080 Børkop,rkop,1.085.000,19-01-2004,Alm. Salg,14.863,4,Sommerhus,73,1993,,Aktuel værdi
Marius Hansensvej 147080 Børkop,rkop,1.550.000,15-01-2004,Alm. Salg,14.485,4,Sommerhus,107,1999,,Aktuel værdi
Mølletoften 457080 Børkop,rkop,932.000,15-01-2004,Alm. Salg,9.320,4,Villa,100,1979,,Aktuel værdi
Bystedparken 417080 Børkop,rkop,1.775.000,15-01-2004,Alm. Salg,10.692,4,Villa,166,2000,,Aktuel værdi
Hvidbjergvej 257080 Børkop,rkop,1.144.000,22-12-2003,Alm. Salg,8.868,4,Villa,129,1917,,Aktuel værdi
Fjordvænget 387080 Børkop,rkop,360.000,12-12-2003,Alm. Salg,1.730,7,Villa,208,2007,,Aktuel værdi
Borggårdsparken 9B7080 Børkop,rkop,820.000,12-12-2003,Alm. Salg,9.647,3,Rækkehus,85,1984,,Aktuel værdi
Søndervænget 207080 Børkop,rkop,400.000,01-12-2003,Andet,2.564,5,Villa,156,1974,,Aktuel værdi
Bystedparken 97080 Børkop,rkop,1.720.000,01-12-2003,Alm. Salg,9.297,5,Villa,185,1997,,Aktuel værdi
Fjordvænget 347080 Børkop,rkop,360.000,30-11-2003,Alm. Salg,2.416,5,Villa,149,2005,,Aktuel værdi
Rønnevang 587080 Børkop,rkop,290.000,27-11-2003,Alm. Salg,1.946,5,Villa,149,2008,,Aktuel værdi
Højbovej 77080 Børkop,rkop,825.000,27-11-2003,Alm. Salg,8.776,4,Villa,94,1962,,Aktuel værdi
Sommerstien 187080 Børkop,rkop,936.000,26-11-2003,Alm. Salg,7.488,6,Sommerhus,125,1964,,Aktuel værdi
Brejning Strand 257080 Børkop,rkop,2.625.000,26-11-2003,Alm. Salg,13.962,8,Villa,188,1912,,Aktuel værdi
Rosenstien 37080 Børkop,rkop,925.000,26-11-2003,Alm. Salg,18.877,3,Sommerhus,49,1948,,Aktuel værdi
Knudsvej 87080 Børkop,rkop,1.160.000,25-11-2003,Alm. Salg,8.721,3,Villa,133,1974,,Aktuel værdi
Mølleparken 87080 Børkop,rkop,330.000,24-11-2003,Alm. Salg,2.062,4,Villa,160,2004,,Aktuel værdi
Vestergade 117080 Børkop,rkop,1.170.000,15-11-2003,Alm. Salg,9.360,5,Villa,125,1989,,Aktuel værdi
Skovbyvej 18A7080 Børkop,rkop,240.000,14-11-2003,Alm. Salg,1.463,5,Villa,164,2005,,Aktuel værdi
Bjerrevænget 37080 Børkop,rkop,587.500,13-11-2003,Andet,3.626,5,Villa,162,1981,,Aktuel værdi
Møllegade 197080 Børkop,rkop,700.000,05-11-2003,Alm. Salg,5.000,3,Villa,140,1939,,Aktuel værdi
Baldersvej 237080 Børkop,rkop,850.000,03-11-2003,Alm. Salg,8.673,3,Rækkehus,98,1979,,Aktuel værdi
Strandvej 107080 Børkop,rkop,1.147.500,03-11-2003,Fam. Salg,13.993,4,Sommerhus,82,1993,,Aktuel værdi
Dr. Friesvej 97080 Børkop,rkop,850.000,03-11-2003,Alm. Salg,7.024,4,Villa,121,1956,,Aktuel værdi
Mølleparken 47080 Børkop,rkop,330.000,28-10-2003,Alm. Salg,1.929,4,Villa,171,2005,,Aktuel værdi
Mølleparken 77080 Børkop,rkop,375.000,28-10-2003,Alm. Salg,1.744,6,Villa,215,2004,,Aktuel værdi
Gregersensvej 177080 Børkop,rkop,810.000,25-10-2003,Alm. Salg,14.727,3,Sommerhus,55,1952,,Aktuel værdi
V. Borgenvej 57080 Børkop,rkop,800.000,23-10-2003,Fam. Salg,12.307,3,Sommerhus,65,1997,,Aktuel værdi
Lyngbakkevej 77080 Børkop,rkop,700.000,15-10-2003,Fam. Salg,6.542,3,Villa,107,1949,,Aktuel værdi
Fuglebakken 287080 Børkop,rkop,650.000,14-10-2003,Alm. Salg,6.989,3,Sommerhus,93,1962,,Aktuel værdi
Avlsgårdsvej 47080 Børkop,rkop,1.610.000,02-10-2003,Alm. Salg,7.777,6,Villa,207,1934,,Aktuel værdi
Thorsmindevej 47080 Børkop,rkop,1.125.000,02-10-2003,Alm. Salg,4.977,10,Villa,226,1944,,Aktuel værdi
Fædrift 177080 Børkop,rkop,798.000,25-09-2003,Alm. Salg,14.000,3,Sommerhus,57,1966,,Aktuel værdi
Poppelvang 187080 Børkop,rkop,953.000,25-09-2003,Alm. Salg,5.445,6,Villa,175,1971,,Aktuel værdi
Lodsvej 1227080 Børkop,rkop,1.487.500,22-09-2003,Fam. Salg,5.237,7,Villa,284,1913,,Aktuel værdi
Andkær Bygade 187080 Børkop,rkop,825.000,19-09-2003,Alm. Salg,6.600,4,Villa,125,1840,,Aktuel værdi
Rønnealle 37080 Børkop,rkop,780.000,19-09-2003,Alm. Salg,15.000,4,Sommerhus,52,1981,,Aktuel værdi
Sønderskovvej 57080 Børkop,rkop,1.100.000,18-09-2003,Alm. Salg,5.612,4,Villa,196,1902,,Aktuel værdi
Tangvej 37080 Børkop,rkop,650.000,18-09-2003,Alm. Salg,12.500,3,Sommerhus,52,1950,,Aktuel værdi
Skovbyvej 18I7080 Børkop,rkop,240.000,14-09-2003,Alm. Salg,1.568,5,Villa,153,2005,,Aktuel værdi
Kragelundvænget 447080 Børkop,rkop,258.000,08-09-2003,Alm. Salg,1.686,5,Villa,153,2004,,Aktuel værdi
Kæragervej 97080 Børkop,rkop,940.000,04-09-2003,Alm. Salg,6.861,5,Villa,137,1973,,Aktuel værdi
Skovbyvej 887080 Børkop,rkop,477.000,02-09-2003,Alm. Salg,2.198,9,Villa,217,2006,,Aktuel værdi
Marsvej 27080 Børkop,rkop,1.055.000,25-08-2003,Alm. Salg,8.115,4,Villa,130,1974,,Aktuel værdi
Skovgårdsparken 97080 Børkop,rkop,949.000,21-08-2003,Alm. Salg,10.784,3,Rækkehus,88,2003,,Aktuel værdi
Johannevej 57080 Børkop,rkop,885.000,19-08-2003,Alm. Salg,-,5,Sommerhus,96,1969,,Aktuel værdi
Vognkærvej 1127080 Børkop,rkop,1.700.000,18-08-2003,Alm. Salg,19.767,4,Sommerhus,86,1890,,Aktuel værdi
Borggårdsparken 487080 Børkop,rkop,2.175.000,18-08-2003,Alm. Salg,8.115,9,Villa,268,1984,,Aktuel værdi
Ladegårdsbakken 1207080 Børkop,rkop,1.540.000,14-08-2003,Alm. Salg,6.724,6,Villa,229,1858,,Aktuel værdi
Randsborgvej 67080 Børkop,rkop,1.275.000,13-08-2003,Alm. Salg,13.709,4,Sommerhus,93,2004,,Aktuel værdi
Skovgårdsparken 467080 Børkop,rkop,1.095.000,11-08-2003,Alm. Salg,8.423,5,Villa,130,1978,,Aktuel værdi
Poppelvej 57080 Børkop,rkop,745.000,07-08-2003,Alm. Salg,16.931,3,Sommerhus,44,2006,,Aktuel værdi
Overbyparken 257080 Børkop,rkop,1.695.000,06-08-2003,Alm. Salg,10.593,4,Villa,160,1999,,Aktuel værdi
Søndergade 207080 Børkop,rkop,950.000,03-08-2003,Alm. Salg,6.333,7,Villa,150,1928,,Aktuel værdi
Johs. Jensensvej 147080 Børkop,rkop,250.000,03-08-2003,Alm. Salg,8.620,2,Sommerhus,29,1962,,Aktuel værdi
Pindvej 247080 Børkop,rkop,650.000,30-07-2003,Alm. Salg,10.000,5,Sommerhus,65,1966,,Aktuel værdi
Falkevej 57080 Børkop,rkop,998.000,29-07-2003,Alm. Salg,8.990,4,Villa,111,1974,,Aktuel værdi
Sct. Jørgens Parken 167080 Børkop,rkop,900.000,27-07-2003,Alm. Salg,8.571,5,Villa,105,1976,,Aktuel værdi
Toftumvej 117080 Børkop,rkop,750.000,26-07-2003,Alm. Salg,9.036,3,Villa,83,1944,,Aktuel værdi
Marius Hansensvej 157080 Børkop,rkop,1.500.000,23-07-2003,Alm. Salg,16.853,5,"Ferie, andet",89,1937,,Aktuel værdi
Lykkevej 57080 Børkop,rkop,775.000,22-07-2003,Fam. Salg,19.871,2,Sommerhus,39,1968,,Aktuel værdi
Skovgårdsparken 587080 Børkop,rkop,1.175.000,17-07-2003,Alm. Salg,9.475,4,Villa,124,1979,,Aktuel værdi
Kirstinesvej 297080 Børkop,rkop,870.000,16-07-2003,Alm. Salg,10.609,2,Sommerhus,82,1978,,Aktuel værdi
Borgvold 277080 Børkop,rkop,950.000,15-07-2003,Alm. Salg,5.757,6,Villa,165,1977,,Aktuel værdi
Overbyvej 287080 Børkop,rkop,600.000,14-07-2003,Alm. Salg,5.454,4,Villa,110,1933,,Aktuel værdi
Sellerupvej 287080 Børkop,rkop,850.000,11-07-2003,Alm. Salg,4.271,5,Villa,199,1905,,Aktuel værdi
Borggårdsparken 2A7080 Børkop,rkop,870.000,11-07-2003,Alm. Salg,10.235,3,Rækkehus,85,1988,,Aktuel værdi
Fredericiavej 4557080 Børkop,rkop,808.000,08-07-2003,Alm. Salg,7.026,4,Villa,115,1925,,Aktuel værdi
Munkevej 197080 Børkop,rkop,840.000,02-07-2003,Alm. Salg,4.855,6,Villa,173,1967,,Aktuel værdi
Brejning Søndergade 237080 Børkop,rkop,700.000,26-06-2003,Alm. Salg,7.291,4,Villa,96,1950,,Aktuel værdi
Sellerup Strandvej 77080 Børkop,rkop,1.120.000,25-06-2003,Alm. Salg,6.829,4,Sommerhus,164,1982,,Aktuel værdi
Elbækvej 507080 Børkop,rkop,870.000,24-06-2003,Alm. Salg,9.886,4,Rækkehus,88,1988,,Aktuel værdi
Fjordvej 317080 Børkop,rkop,875.000,20-06-2003,Alm. Salg,6.250,4,Sommerhus,140,2010,,Aktuel værdi
Blåbærvej 87080 Børkop,rkop,835.000,20-06-2003,Alm. Salg,13.916,3,Sommerhus,60,1993,,Aktuel værdi
Sellerup Strandvej 407080 Børkop,rkop,1.310.000,20-06-2003,Alm. Salg,-,4,Villa,191,2004,,Aktuel værdi
Sellerupvej 267080 Børkop,rkop,935.000,16-06-2003,Alm. Salg,5.666,7,Villa,165,1852,,Aktuel værdi
Sellerup Strandvej 857080 Børkop,rkop,902.000,13-06-2003,Alm. Salg,6.536,4,Sommerhus,138,2007,,Aktuel værdi
Nørrelyst 67080 Børkop,rkop,930.000,12-06-2003,Alm. Salg,8.017,4,Villa,116,1957,,Aktuel værdi
Hvidbjergvej 1137080 Børkop,rkop,807.500,11-06-2003,Alm. Salg,8.873,4,Sommerhus,91,1950,,Aktuel værdi
Hvidbjergvej 117A7080 Børkop,rkop,1.845.000,07-06-2003,Alm. Salg,14.414,4,Villa,128,1952,,Aktuel værdi
Nørrelyst 257080 Børkop,rkop,825.000,06-06-2003,Alm. Salg,6.991,4,Villa,118,1962,,Aktuel værdi
Tofte Alle 67080 Børkop,rkop,1.700.000,02-06-2003,Alm. Salg,7.870,8,Villa,216,1922,,Aktuel værdi
Fjordvænget 167080 Børkop,rkop,360.000,22-05-2003,Alm. Salg,1.945,5,Villa,185,2007,,Aktuel værdi
Birkevej 87080 Børkop,rkop,700.000,22-05-2003,Alm. Salg,7.954,3,Sommerhus,88,2008,,Aktuel værdi
Birkevang 26B7080 Børkop,rkop,270.255,17-05-2003,Alm. Salg,6.434,2,Rækkehus,42,1967,,Aktuel værdi
Ryttergrøftsvejen 3157080 Børkop,rkop,1.450.000,08-05-2003,Alm. Salg,9.863,5,Villa,147,1929,,Aktuel værdi
Fuglebakken 107080 Børkop,rkop,629.000,03-05-2003,Fam. Salg,8.168,4,Sommerhus,77,1965,,Aktuel værdi
Mads Madsens Vænge 57080 Børkop,rkop,191.250,01-05-2003,Alm. Salg,1.875,4,Sommerhus,102,2004,,Aktuel værdi
Bystedparken 167080 Børkop,rkop,1.520.000,01-05-2003,Alm. Salg,9.268,4,Villa,164,1998,,Aktuel værdi
Blåbærvej 17080 Børkop,rkop,660.000,22-04-2003,Alm. Salg,-,5,Sommerhus,88,1950,,Aktuel værdi
Solsortevej 127080 Børkop,rkop,1.230.000,15-04-2003,Alm. Salg,7.321,5,Villa,168,1974,,Aktuel værdi
Sommerstien 97080 Børkop,rkop,726.000,14-04-2003,Alm. Salg,12.305,3,Sommerhus,59,2004,,Aktuel værdi
Skovbyvej 20B7080 Børkop,rkop,250.000,14-04-2003,Alm. Salg,1.984,5,Villa,126,2003,,Aktuel værdi
Krogbuskevej 107080 Børkop,rkop,1.650.268,14-04-2003,Alm. Salg,9.707,9,Villa,170,1920,,Aktuel værdi
Borggårdsparken 807080 Børkop,rkop,1.200.000,14-04-2003,Alm. Salg,10.434,4,Villa,115,1980,,Aktuel værdi
Olafsvej 177080 Børkop,rkop,1.100.000,08-04-2003,Alm. Salg,5.945,5,Villa,185,1974,,Aktuel værdi
Skolegade 47080 Børkop,rkop,850.000,02-04-2003,Alm. Salg,5.985,5,Villa,142,1900,,Aktuel værdi
Fuglebakken 347080 Børkop,rkop,1.450.000,01-04-2003,Alm. Salg,14.500,3,Sommerhus,100,2000,,Aktuel værdi
Sellerup Vangvej 1167080 Børkop,rkop,675.000,29-03-2003,Alm. Salg,-,7,Villa,184,1958,,Aktuel værdi
Båskærvej 117080 Børkop,rkop,625.000,26-03-2003,Alm. Salg,8.680,3,Sommerhus,72,2009,,Aktuel værdi
Lilholtparken 227080 Børkop,rkop,894.500,26-03-2003,Alm. Salg,5.808,4,Villa,154,1998,,Aktuel værdi
Fjordvej 267080 Børkop,rkop,832.139,20-03-2003,Alm. Salg,16.002,2,Sommerhus,52,1995,,Aktuel værdi
Høllsmindevej 167080 Børkop,rkop,177.000,17-03-2003,Fam. Salg,2.765,3,Sommerhus,64,1942,,Aktuel værdi
Olesvej 77080 Børkop,rkop,1.095.000,11-03-2003,Alm. Salg,14.797,5,Sommerhus,74,1976,,Aktuel værdi
Spurvevænget 57080 Børkop,rkop,1.425.000,09-03-2003,Alm. Salg,19.256,3,Sommerhus,74,1963,,Aktuel værdi
Fjordvænget 107080 Børkop,rkop,335.000,07-03-2003,Alm. Salg,1.431,7,Villa,234,2004,,Aktuel værdi
Fjordvænget 67080 Børkop,rkop,335.000,04-03-2003,Alm. Salg,1.882,6,Villa,178,2003,,Aktuel værdi
Herredsvej 1047080 Børkop,rkop,964.000,03-03-2003,Alm. Salg,3.370,8,Stuehus,286,1900,,
Amaliegade 387080 Børkop,rkop,300.000,02-03-2003,Alm. Salg,3.370,3,Villa,89,1892,,Aktuel værdi
Dagmarsvej 77080 Børkop,rkop,1.385.000,26-02-2003,Alm. Salg,10.109,5,Villa,137,1995,,Aktuel værdi
Kragelundvænget 307080 Børkop,rkop,320.000,24-02-2003,Alm. Salg,2.352,4,Villa,136,2003,,Aktuel værdi
Roarsvej 77080 Børkop,rkop,890.000,20-02-2003,Alm. Salg,-,5,Villa,128,1975,,Aktuel værdi
Kragelundvænget 507080 Børkop,rkop,270.000,17-02-2003,Alm. Salg,1.764,5,Villa,153,2003,,Aktuel værdi
Brejning Vestergade 67080 Børkop,rkop,680.490,14-02-2003,Alm. Salg,11.341,2,Villa,60,1950,,Aktuel værdi
Sønderskovvej 127080 Børkop,rkop,938.173,10-02-2003,Alm. Salg,6.653,5,Villa,141,1850,,Aktuel værdi
Enghavevej 17080 Børkop,rkop,790.000,10-02-2003,Fam. Salg,6.869,4,Villa,115,1973,,Aktuel værdi
Roarsvej 117080 Børkop,rkop,1.036.506,04-02-2003,Alm. Salg,7.735,4,Villa,134,1976,,Aktuel værdi
Sellerupvej 357080 Børkop,rkop,550.000,01-02-2003,Alm. Salg,3.273,6,Villa,168,1964,,Aktuel værdi
Overhøll 1107080 Børkop,rkop,900.000,29-01-2003,Alm. Salg,7.258,5,Villa,124,1900,,Aktuel værdi
Elbækvej 527080 Børkop,rkop,810.000,27-01-2003,Alm. Salg,9.204,4,Rækkehus,88,1990,,Aktuel værdi
Duevej 217080 Børkop,rkop,1.598.905,27-01-2003,Alm. Salg,21.606,3,Sommerhus,74,1942,,Aktuel værdi
Andkær Bygade 177080 Børkop,rkop,368.000,17-01-2003,Auktion,5.841,3,Villa,63,1827,,Aktuel værdi
Hvidbjergvej 637080 Børkop,rkop,1.055.000,17-01-2003,Auktion,5.047,11,Engroshandel,209,1967,,Aktuel værdi
Hvidbjergvej 177080 Børkop,rkop,925.000,16-01-2003,Alm. Salg,6.560,13,Engroshandel,141,1957,,Aktuel værdi
Drosselvej 57080 Børkop,rkop,1.250.500,14-01-2003,Alm. Salg,7.767,7,Villa,161,1968,,Aktuel værdi
Pytvej 27080 Børkop,rkop,950.000,07-01-2003,Alm. Salg,10.326,4,Sommerhus,92,1968,,Aktuel værdi
Niels Pedersensvej 20A7080 Børkop,rkop,2.200.000,05-01-2003,Alm. Salg,10.232,5,Villa,215,1958,,Aktuel værdi
Mølletoften 297080 Børkop,rkop,1.020.000,04-01-2003,Alm. Salg,6.538,5,Villa,156,1974,,Aktuel værdi
Fjordparken 127080 Børkop,rkop,327.500,30-12-2002,Fam. Salg,4.612,3,Sommerhus,71,1975,,Aktuel værdi
Fjordparken 287080 Børkop,rkop,305.000,30-12-2002,Fam. Salg,5.545,3,Sommerhus,55,1977,,Aktuel værdi
Lundbjergvej 1177080 Børkop,rkop,892.500,29-12-2002,Fam. Salg,3.393,7,Villa,263,1877,,Aktuel værdi
Hjortedalsvej 107080 Børkop,rkop,383.190,21-12-2002,Alm. Salg,6.494,4,Sommerhus,59,2003,,Aktuel værdi
Smedestien 27080 Børkop,rkop,950.000,21-12-2002,Alm. Salg,5.026,7,Villa,189,1947,,Aktuel værdi
Fuglebakken 307080 Børkop,rkop,684.000,19-12-2002,Alm. Salg,14.553,3,Sommerhus,47,1963,,Aktuel værdi
Johs. Jensensvej 87080 Børkop,rkop,382.500,16-12-2002,Fam. Salg,11.590,3,Sommerhus,33,1961,,Aktuel værdi
Kirkegade 267080 Børkop,rkop,1.944.909,06-12-2002,Alm. Salg,6.921,7,Stuehus,281,2015,,
Fædrift 207080 Børkop,rkop,640.000,04-12-2002,Alm. Salg,5.423,4,Sommerhus,118,1962,,Aktuel værdi
Fjordparken 177080 Børkop,rkop,700.000,27-11-2002,Fam. Salg,8.641,3,Sommerhus,81,1979,,Aktuel værdi
Stationsvej 427080 Børkop,rkop,1.300.000,26-11-2002,Alm. Salg,9.701,6,Villa,134,1933,,Aktuel værdi
Solsortevej 37080 Børkop,rkop,1.164.894,26-11-2002,Alm. Salg,5.738,6,Villa,203,1977,,Aktuel værdi
Munkevej 47080 Børkop,rkop,900.000,25-11-2002,Andet,7.500,4,Villa,120,1973,,Aktuel værdi
Lindevang 147080 Børkop,rkop,674.212,23-11-2002,Alm. Salg,3.942,6,Villa,171,1977,,Aktuel værdi
Karl Tømrersvej 27080 Børkop,rkop,722.732,18-11-2002,Alm. Salg,3.441,7,Villa,210,1902,,Aktuel værdi
Hvidbjergvej 1087080 Børkop,rkop,552.500,18-11-2002,Fam. Salg,10.833,3,Sommerhus,51,1956,,Aktuel værdi
Rødkløvervænget 37080 Børkop,rkop,350.000,05-11-2002,Alm. Salg,11.666,2,Sommerhus,30,1950,,Aktuel værdi
Stadsvej 107080 Børkop,rkop,675.000,29-10-2002,Alm. Salg,5.532,5,Villa,122,1949,,Aktuel værdi
Blåbærvej 137080 Børkop,rkop,820.000,28-10-2002,Alm. Salg,14.385,2,Sommerhus,57,1999,,Aktuel værdi
Vandværksvej 387080 Børkop,rkop,1.315.000,21-10-2002,Alm. Salg,7.921,4,Villa,166,1912,,Aktuel værdi
Hvidbjergvej 1057080 Børkop,rkop,789.114,18-10-2002,Alm. Salg,12.140,3,Sommerhus,65,1973,,Aktuel værdi
Bøgevang 47080 Børkop,rkop,876.118,16-10-2002,Alm. Salg,9.734,3,Villa,90,1964,,Aktuel værdi
Smedager 1037080 Børkop,rkop,275.000,15-10-2002,Alm. Salg,5.612,2,Villa,49,1905,,Aktuel værdi
Hvidbjergvej 1217080 Børkop,rkop,1.105.000,14-10-2002,Auktion,5.846,7,Villa,189,1968,,Aktuel værdi
Lavbolsvej 1097080 Børkop,rkop,1.410.000,11-10-2002,Alm. Salg,-,4,Sommerhus,120,1961,,Aktuel værdi
Søndervænget 247080 Børkop,rkop,962.463,09-10-2002,Alm. Salg,7.519,4,Villa,128,1973,,Aktuel værdi
Bystedvænget 307080 Børkop,rkop,890.000,01-10-2002,Alm. Salg,7.946,4,Villa,112,1972,,Aktuel værdi
Lilholtparken 27080 Børkop,rkop,1.475.000,25-09-2002,Alm. Salg,10.845,5,Villa,136,1997,,Aktuel værdi
J.L. Varmingsvej 2A7080 Børkop,rkop,955.000,24-09-2002,Alm. Salg,4.116,7,Villa,232,1939,,Aktuel værdi
Skovgårdsparken 87080 Børkop,rkop,1.115.000,24-09-2002,Alm. Salg,9.291,4,Villa,120,1978,,Aktuel værdi
Stadsvej 87080 Børkop,rkop,150.000,23-09-2002,Alm. Salg,1.363,5,Sommerhus,110,2008,,Aktuel værdi
Pjedstedvej 109A7080 Børkop,rkop,3.300.000,17-09-2002,Alm. Salg,12.222,9,Stuehus,270,1972,,
Knudsvej 167080 Børkop,rkop,1.080.000,09-09-2002,Alm. Salg,7.714,5,Villa,140,1976,,Aktuel værdi
Hvidbjergvej 347080 Børkop,rkop,815.000,09-09-2002,Alm. Salg,6.082,3,Villa,134,1959,,Aktuel værdi
Skovbyvej 427080 Børkop,rkop,431.115,04-09-2002,Alm. Salg,2.005,10,Villa,215,1900,,Aktuel værdi
Rønnevang 167080 Børkop,rkop,293.720,02-09-2002,Alm. Salg,1.919,5,Villa,153,2003,,Aktuel værdi
Strandvænget 47080 Børkop,rkop,460.000,30-08-2002,Alm. Salg,8.846,3,Sommerhus,52,1962,,Aktuel værdi
Borggårdsparken 11A7080 Børkop,rkop,850.000,29-08-2002,Alm. Salg,10.000,3,Rækkehus,85,1984,,Aktuel værdi
Nebbe Møllevej 1017080 Børkop,rkop,620.000,27-08-2002,Alm. Salg,5.688,4,Villa,109,1898,,Aktuel værdi
Smedager 1027080 Børkop,rkop,1.440.656,26-08-2002,Alm. Salg,15.164,3,Villa,95,1939,,Aktuel værdi
Hvidbjergvej 237080 Børkop,rkop,340.000,23-08-2002,Alm. Salg,3.238,4,Sommerhus,105,2005,,Aktuel værdi
Vestergade 107080 Børkop,rkop,900.000,15-08-2002,Alm. Salg,-,5,Villa,204,1925,,Aktuel værdi
Kildevej 37080 Børkop,rkop,750.000,08-08-2002,Alm. Salg,10.869,3,Sommerhus,69,2008,,Aktuel værdi
Fjordvænget 207080 Børkop,rkop,360.000,07-08-2002,Alm. Salg,2.352,5,Villa,153,2004,,Aktuel værdi
Solitudevej 67080 Børkop,rkop,875.000,07-08-2002,Alm. Salg,9.210,4,Villa,95,1942,,Aktuel værdi
Vibevej 187080 Børkop,rkop,1.200.270,05-08-2002,Alm. Salg,6.251,6,Villa,192,1973,,Aktuel værdi
Anemonevej 327080 Børkop,rkop,1.900.000,30-07-2002,Alm. Salg,24.675,2,Sommerhus,77,1997,,Aktuel værdi
Lyngbakkevej 137080 Børkop,rkop,1.080.000,30-07-2002,Alm. Salg,12.272,4,Villa,88,1949,,Aktuel værdi
Sellerup Vangvej 17080 Børkop,rkop,745.000,26-07-2002,Alm. Salg,5.866,4,Villa,127,1942,,Aktuel værdi
Blåbærvej 11B7080 Børkop,rkop,995.000,24-07-2002,Alm. Salg,10.698,4,Sommerhus,93,2000,,Aktuel værdi
Olesvej 97080 Børkop,rkop,601.250,17-07-2002,Fam. Salg,-,4,Sommerhus,76,1945,,Aktuel værdi
Borgvold 387080 Børkop,rkop,1.128.000,11-07-2002,Alm. Salg,7.324,6,Villa,154,1977,,Aktuel værdi
Birkevang 28C7080 Børkop,rkop,264.694,11-07-2002,Alm. Salg,6.302,2,Rækkehus,42,1967,,Aktuel værdi
Plantagevej 57080 Børkop,rkop,500.000,08-07-2002,Alm. Salg,5.747,4,Sommerhus,87,2004,,Aktuel værdi
Bjerrisgårdsvej 47080 Børkop,rkop,510.000,05-07-2002,Alm. Salg,5.204,4,Sommerhus,98,2012,,Aktuel værdi
Blåbærvej 147080 Børkop,rkop,545.000,03-07-2002,Alm. Salg,-,3,Sommerhus,80,1963,,Aktuel værdi
Borgvold 437080 Børkop,rkop,1.005.568,30-06-2002,Alm. Salg,7.339,6,Villa,137,1979,,Aktuel værdi
Bjerrevænget 207080 Børkop,rkop,1.035.000,27-06-2002,Alm. Salg,6.809,5,Villa,152,1977,,Aktuel værdi
Krogbuskevej 1407080 Børkop,rkop,795.000,24-06-2002,Alm. Salg,6.360,4,Villa,125,1900,,Aktuel værdi
Blåbærvej 177080 Børkop,rkop,587.500,21-06-2002,Alm. Salg,-,4,Sommerhus,74,1963,,Aktuel værdi
Solsortevej 57080 Børkop,rkop,1.400.000,20-06-2002,Alm. Salg,5.426,8,Villa,258,1973,,Aktuel værdi
Lilholtparken 77080 Børkop,rkop,1.500.000,16-06-2002,Alm. Salg,11.538,4,Villa,130,1998,,Aktuel værdi
Folmersvej 57080 Børkop,rkop,625.000,14-06-2002,Alm. Salg,12.500,4,Sommerhus,50,1955,,Aktuel værdi
Andkær Bygade 197080 Børkop,rkop,659.041,11-06-2002,Alm. Salg,4.845,2,Villa,136,1877,,Aktuel værdi
Hasseltoften 17080 Børkop,rkop,943.993,11-06-2002,Alm. Salg,13.485,4,Sommerhus,70,1984,,Aktuel værdi
Kragelundvænget 327080 Børkop,rkop,320.000,10-06-2002,Alm. Salg,2.091,5,Villa,153,2003,,Aktuel værdi
Amaliehaven 317080 Børkop,rkop,260.000,04-06-2002,Alm. Salg,1.677,5,Villa,155,2003,,Aktuel værdi
Vognsvadvej 227080 Børkop,rkop,766.688,31-05-2002,Alm. Salg,8.614,4,Villa,89,1900,,Aktuel værdi
Lavbolsvej 1037080 Børkop,rkop,454.999,28-05-2002,Alm. Salg,1.417,9,Villa,321,1900,,Aktuel værdi
Mølletoften 217080 Børkop,rkop,569.500,28-05-2002,Alm. Salg,4.745,4,Villa,120,1969,,Aktuel værdi
Andkærvej 2077080 Børkop,rkop,1.250.000,24-05-2002,Alm. Salg,5.868,6,Stuehus,213,1877,,
Niels Pedersensvej 35B7080 Børkop,rkop,500.000,22-05-2002,Alm. Salg,4.504,3,Sommerhus,111,2008,,Aktuel værdi
Mads Madsens Vænge 247080 Børkop,rkop,1.125.000,18-05-2002,Alm. Salg,12.362,5,Sommerhus,91,1966,,Aktuel værdi
Toftevej 107080 Børkop,rkop,795.000,02-05-2002,Alm. Salg,5.888,5,Villa,135,1961,,Aktuel værdi
Kirstinesvej 217080 Børkop,rkop,695.000,01-05-2002,Alm. Salg,12.410,5,Sommerhus,56,1960,,Aktuel værdi
Gregersensvej 77080 Børkop,rkop,459.000,27-04-2002,Fam. Salg,8.826,3,Sommerhus,52,1957,,Aktuel værdi
Nyvej 137080 Børkop,rkop,1.100.000,23-04-2002,Alm. Salg,6.875,7,Villa,160,1935,,Aktuel værdi
Bystedvej 17080 Børkop,rkop,748.000,18-04-2002,Alm. Salg,7.192,3,Villa,104,1837,,Aktuel værdi
Krokusvej 4B7080 Børkop,rkop,765.000,16-04-2002,Alm. Salg,11.953,4,Sommerhus,64,2004,,Aktuel værdi
Bjørnsvej 77080 Børkop,rkop,335.000,16-04-2002,Alm. Salg,4.527,2,Sommerhus,74,2005,,Aktuel værdi
Chr Kellersvej 77080 Børkop,rkop,875.000,10-04-2002,Alm. Salg,8.254,5,Villa,106,1925,,Aktuel værdi
Bystedparken 67080 Børkop,rkop,1.515.000,10-04-2002,Alm. Salg,9.126,4,Villa,166,1999,,Aktuel værdi
Borggårdsparken 667080 Børkop,rkop,937.051,02-04-2002,Alm. Salg,9.561,3,Villa,98,1980,,Aktuel værdi
Vognsvadvej 67080 Børkop,rkop,513.869,01-04-2002,Andet,3.723,4,Villa,138,1965,,Aktuel værdi
Mads Madsens Vænge 157080 Børkop,rkop,885.000,23-03-2002,Alm. Salg,11.959,3,Sommerhus,74,1964,,Aktuel værdi
Roarsvej 37080 Børkop,rkop,849.835,19-03-2002,Alm. Salg,5.860,5,Villa,145,1977,,Aktuel værdi
Båskærvej 267080 Børkop,rkop,1.870.000,15-03-2002,Alm. Salg,28.769,4,Sommerhus,65,1982,,Aktuel værdi
Hyldevej 47080 Børkop,rkop,412.123,13-03-2002,Fam. Salg,2.693,6,Villa,153,1968,,Aktuel værdi
Skovbyvej 18F7080 Børkop,rkop,285.000,04-03-2002,Alm. Salg,1.417,6,Villa,201,2002,,Aktuel værdi
Søndervænget 37080 Børkop,rkop,875.000,02-03-2002,Alm. Salg,5.993,5,Villa,146,1972,,Aktuel værdi
Møllevang 27080 Børkop,rkop,770.000,01-03-2002,Alm. Salg,6.754,4,Villa,114,1967,,Aktuel værdi
Andkær Bygade 267080 Børkop,rkop,1.295.000,28-02-2002,Alm. Salg,5.264,8,Villa,246,1721,,Aktuel værdi
Engdraget 77080 Børkop,rkop,485.714,27-02-2002,Alm. Salg,4.223,4,Villa,115,1967,,Aktuel værdi
Borlevvej 47080 Børkop,rkop,555.000,24-02-2002,Alm. Salg,9.250,3,Sommerhus,60,1978,,Aktuel værdi
Brandtlundvej 1097080 Børkop,rkop,527.000,19-02-2002,Fam. Salg,4.582,5,Villa,115,1951,,Aktuel værdi
Fælledvej 37080 Børkop,rkop,725.000,19-02-2002,Alm. Salg,6.590,2,Sommerhus,110,1958,,Aktuel værdi
Borgvold 517080 Børkop,rkop,1.112.000,18-02-2002,Alm. Salg,6.739,7,Villa,165,1977,,Aktuel værdi
Engdraget 127080 Børkop,rkop,985.000,17-02-2002,Alm. Salg,6.700,4,Villa,147,1972,,Aktuel værdi
Skovbyvej 18H7080 Børkop,rkop,260.000,12-02-2002,Alm. Salg,1.699,5,Villa,153,2002,,Aktuel værdi
Smedestien 37080 Børkop,rkop,500.000,11-02-2002,Alm. Salg,7.692,2,Villa,65,1825,,Aktuel værdi
Hvidbjergvej 1007080 Børkop,rkop,910.000,11-02-2002,Alm. Salg,7.520,3,Sommerhus,121,1973,,Aktuel værdi
Herredsvej 1057080 Børkop,rkop,500.000,08-02-2002,Alm. Salg,3.048,4,Villa,164,1886,,Aktuel værdi
Gårslev Nørregade 87080 Børkop,rkop,1.180.000,01-02-2002,Fam. Salg,7.612,7,Villa,155,1899,,Aktuel værdi
Gregersensvej 27080 Børkop,rkop,310.000,28-01-2002,Fam. Salg,6.595,4,Sommerhus,47,1956,,Aktuel værdi
Skovbyvej 867080 Børkop,rkop,703.431,28-01-2002,Alm. Salg,3.256,7,Villa,216,2008,,Aktuel værdi
Sellerup Strandvej 807080 Børkop,rkop,35.100,25-01-2002,Alm. Salg,662,2,Sommerhus,53,1962,,Aktuel værdi
Lodsvej 1027080 Børkop,rkop,55.253,23-01-2002,Alm. Salg,778,2,Villa,71,1961,,Aktuel værdi
Randsborgvænget 107080 Børkop,rkop,915.612,20-01-2002,Alm. Salg,9.342,4,Sommerhus,98,1969,,Aktuel værdi
Strandvej 37080 Børkop,rkop,1.248.608,16-01-2002,Alm. Salg,-,3,Sommerhus,86,2000,,Aktuel værdi
Mølletoften 137080 Børkop,rkop,393.043,15-01-2002,Alm. Salg,3.046,5,Villa,129,1971,,Aktuel værdi
Vognkærvej 1117080 Børkop,rkop,660.000,10-01-2002,Alm. Salg,16.500,2,Sommerhus,40,1958,,Aktuel værdi
Syrenvej 77080 Børkop,rkop,940.000,09-01-2002,Alm. Salg,7.121,4,Villa,132,1968,,Aktuel værdi
Skovbyvej 27080 Børkop,rkop,600.000,02-01-2002,Alm. Salg,5.825,2,Villa,103,1903,,Aktuel værdi
Niels Pedersensvej 57080 Børkop,rkop,290.000,01-01-2002,Alm. Salg,3.452,4,Sommerhus,84,2003,,Aktuel værdi
Solbakken 167080 Børkop,rkop,870.000,20-12-2001,Alm. Salg,13.384,4,Sommerhus,65,1968,,Aktuel værdi
Mamrelund 97080 Børkop,rkop,1.625.000,19-12-2001,Alm. Salg,6.687,8,Stuehus,243,1920,,
Nyboesgade 67080 Børkop,rkop,510.000,13-12-2001,Alm. Salg,4.080,5,Villa,125,1940,,Aktuel værdi
Krokusvej 97080 Børkop,rkop,311.670,12-12-2001,Fam. Salg,4.651,3,Sommerhus,67,1996,,Aktuel værdi
Mamrelund 107080 Børkop,rkop,1.254.894,29-11-2001,Alm. Salg,-,8,Villa,224,1923,,Aktuel værdi
Borgvold 307080 Børkop,rkop,1.237.500,20-11-2001,Alm. Salg,6.036,5,Villa,205,1976,,Aktuel værdi
Søndervænget 177080 Børkop,rkop,883.898,17-11-2001,Alm. Salg,6.499,5,Villa,136,1972,,Aktuel værdi
Anemonevej 127080 Børkop,rkop,935.000,15-11-2001,Fam. Salg,8.738,4,Sommerhus,107,1957,,Aktuel værdi
Karl Tømrersvej 47080 Børkop,rkop,714.000,13-11-2001,Alm. Salg,-,7,Villa,179,1966,,Aktuel værdi
Syrenvej 37080 Børkop,rkop,1.098.864,13-11-2001,Alm. Salg,7.849,4,Villa,140,1967,,Aktuel værdi
Kirkestien 17080 Børkop,rkop,850.000,09-11-2001,Alm. Salg,7.727,3,Villa,110,1967,,Aktuel værdi
Irisvej 97080 Børkop,rkop,874.524,08-11-2001,Alm. Salg,7.950,4,Villa,110,1966,,Aktuel værdi
Dagmarsvej 247080 Børkop,rkop,1.550.000,07-11-2001,Alm. Salg,9.935,5,Villa,156,1996,,Aktuel værdi
Lodsvej 1197080 Børkop,rkop,200.000,06-11-2001,Alm. Salg,1.769,3,Sommerhus,113,2008,,Aktuel værdi
Sellerup Strandvej 207080 Børkop,rkop,220.000,06-11-2001,Andet,2.619,4,Sommerhus,84,2002,,Aktuel værdi
Bystedparken 27080 Børkop,rkop,1.539.000,30-10-2001,Alm. Salg,9.000,5,Villa,171,1998,,Aktuel værdi
Skovgårdsparken 427080 Børkop,rkop,1.000.000,22-10-2001,Alm. Salg,8.264,4,Villa,121,1980,,Aktuel værdi
Bystedvænget 8B7080 Børkop,rkop,1.335.000,20-10-2001,Alm. Salg,9.744,3,Villa,137,1999,,Aktuel værdi
Æblehaven 37080 Børkop,rkop,740.000,17-10-2001,Alm. Salg,6.166,4,Villa,120,1987,,Aktuel værdi
Houkærgyden 87080 Børkop,rkop,830.000,12-10-2001,Alm. Salg,4.345,6,Villa,191,1970,,Aktuel værdi
Birkevang 24C7080 Børkop,rkop,200.000,11-10-2001,Fam. Salg,4.761,2,Rækkehus,42,1967,,Aktuel værdi
Skovbyvej 97080 Børkop,rkop,776.355,09-10-2001,Alm. Salg,5.881,4,Villa,132,1961,,Aktuel værdi
Svendsgade 57080 Børkop,rkop,769.000,09-10-2001,Alm. Salg,7.323,4,Villa,105,1964,,Aktuel værdi
Elmevej 57080 Børkop,rkop,1.300.000,08-10-2001,Alm. Salg,8.666,5,Villa,150,1994,,Aktuel værdi
Hvidbjergvej 1107080 Børkop,rkop,1.598.000,05-10-2001,Alm. Salg,-,4,Sommerhus,120,1998,,Aktuel værdi
Kæragervej 137080 Børkop,rkop,639.152,26-09-2001,Alm. Salg,4.347,5,Villa,147,1969,,Aktuel værdi
Elbækvej 257080 Børkop,rkop,1.030.000,25-09-2001,Alm. Salg,-,5,Villa,194,1969,,Aktuel værdi
Stationsvej 607080 Børkop,rkop,679.764,24-09-2001,Alm. Salg,7.552,3,Villa,90,1963,,Aktuel værdi
Andkær Bygade 377080 Børkop,rkop,805.000,14-09-2001,Alm. Salg,8.298,6,Villa,97,1968,,Aktuel værdi
Elbækvej 667080 Børkop,rkop,739.000,13-09-2001,Alm. Salg,10.263,3,Rækkehus,72,1997,,Aktuel værdi
Hammervej 47080 Børkop,rkop,1.350.000,12-09-2001,Alm. Salg,8.437,11,Engroshandel,160,1985,,Aktuel værdi
Mølleparken 247080 Børkop,rkop,290.000,06-09-2001,Alm. Salg,1.387,6,Villa,209,2002,,Aktuel værdi
Rønnevang 137080 Børkop,rkop,1.687.000,29-08-2001,Alm. Salg,10.101,6,Villa,167,1997,,Aktuel værdi
Munkedalen 177080 Børkop,rkop,808.061,27-08-2001,Alm. Salg,4.753,4,Villa,170,1999,,Aktuel værdi
Elbækvej 317080 Børkop,rkop,851.000,17-08-2001,Alm. Salg,7.530,5,Villa,113,1965,,Aktuel værdi
Sellerup Strandvej 707080 Børkop,rkop,750.000,14-08-2001,Alm. Salg,16.666,2,Sommerhus,45,1940,,Aktuel værdi
Hvidbjergvej 847080 Børkop,rkop,871.717,12-08-2001,Fam. Salg,8.717,6,Sommerhus,100,1932,,Aktuel værdi
Høllvej 1177080 Børkop,rkop,1.200.000,10-08-2001,Alm. Salg,9.302,3,Villa,129,1999,,Aktuel værdi
Fjordparken 297080 Børkop,rkop,1.190.000,09-08-2001,Alm. Salg,12.020,4,Sommerhus,99,1999,,Aktuel værdi
Høllvej 1137080 Børkop,rkop,940.000,06-08-2001,Alm. Salg,7.286,4,Villa,129,1960,,Aktuel værdi
Marius Hansensvej 227080 Børkop,rkop,844.590,03-08-2001,Alm. Salg,15.640,3,Sommerhus,54,1969,,Aktuel værdi
Rødkløvervænget 67080 Børkop,rkop,290.000,02-08-2001,Fam. Salg,6.444,3,Sommerhus,45,2002,,Aktuel værdi
Sellerupvej 277080 Børkop,rkop,1.251.000,31-07-2001,Alm. Salg,-,8,Villa,306,1877,,Aktuel værdi
Mørkholtvej 27080 Børkop,rkop,840.000,30-07-2001,Auktion,5.029,5,Villa,167,1999,,Aktuel værdi
Gårslev Østergade 47080 Børkop,rkop,600.000,26-07-2001,Alm. Salg,4.615,9,Villa,130,1934,,Aktuel værdi
Amaliegade 127080 Børkop,rkop,685.000,25-07-2001,Alm. Salg,3.805,6,Villa,180,1900,,Aktuel værdi
Engdraget 117080 Børkop,rkop,890.000,17-07-2001,Alm. Salg,7.739,4,Villa,115,1967,,Aktuel værdi
Vognsvadvej 47080 Børkop,rkop,1.083.838,16-07-2001,Alm. Salg,6.338,5,Villa,171,1827,,Aktuel værdi
Mamrelund 87080 Børkop,rkop,775.000,13-07-2001,Alm. Salg,4.668,4,Villa,166,1919,,Aktuel værdi
Mølleparken 27080 Børkop,rkop,330.000,09-07-2001,Alm. Salg,2.619,4,Villa,126,2002,,Aktuel værdi
Kirkegade 97080 Børkop,rkop,1.175.000,06-07-2001,Alm. Salg,6.025,7,Villa,195,1884,,Aktuel værdi
Nederbyvej 187080 Børkop,rkop,1.525.000,06-07-2001,Alm. Salg,5.711,8,Villa,267,1913,,Aktuel værdi
Bystedparken 307080 Børkop,rkop,180.000,05-07-2001,Alm. Salg,923,4,Villa,195,2002,,Aktuel værdi
Randsborgvej 317080 Børkop,rkop,1.600.000,03-07-2001,Alm. Salg,23.880,3,Sommerhus,67,2003,,Aktuel værdi
Mølleparken 367080 Børkop,rkop,290.000,30-06-2001,Alm. Salg,1.715,6,Villa,169,2003,,Aktuel værdi
Fredericiavej 4147080 Børkop,rkop,9.112.186,29-06-2001,Fam. Salg,44.667,6,Stuehus,204,1898,,
Kirstinesvej 267080 Børkop,rkop,695.000,27-06-2001,Alm. Salg,12.870,3,Sommerhus,54,1977,,Aktuel værdi
Industrivej 77080 Børkop,rkop,1.142.000,26-06-2001,Alm. Salg,6.240,3,Villa,183,1966,,Aktuel værdi
Sellerup Strandvej 637080 Børkop,rkop,1.775.435,25-06-2001,Alm. Salg,15.438,4,Villa,115,1938,,Aktuel værdi
Pindvej 207080 Børkop,rkop,866.350,21-06-2001,Alm. Salg,11.107,2,Sommerhus,78,1967,,Aktuel værdi
Krokusvej 177080 Børkop,rkop,1.500.000,15-06-2001,Alm. Salg,23.076,2,Sommerhus,65,2000,,Aktuel værdi
Skærup Kirkevej 77080 Børkop,rkop,1.500.000,15-06-2001,Alm. Salg,8.064,5,Villa,186,1979,,Aktuel værdi
Marius Hansensvej 137080 Børkop,rkop,1.542.513,15-06-2001,Alm. Salg,14.831,3,Sommerhus,104,2015,,Aktuel værdi
Hybenvej 37080 Børkop,rkop,1.200.000,12-06-2001,Alm. Salg,7.407,6,Villa,162,1970,,Aktuel værdi
Kirstinesvej 197080 Børkop,rkop,510.000,10-06-2001,Alm. Salg,6.455,4,Sommerhus,79,1997,,Aktuel værdi
Skovbyvej 457080 Børkop,rkop,370.000,07-06-2001,Alm. Salg,2.500,3,Villa,148,1877,,Aktuel værdi
Hvidkløvervej 47080 Børkop,rkop,1.450.000,06-06-2001,Alm. Salg,16.666,3,Sommerhus,87,1914,,Aktuel værdi
Brøndsted Møllevej 1027080 Børkop,rkop,1.900.000,06-06-2001,Fam. Salg,5.937,6,Stuehus,320,1915,,
Strandvej 47080 Børkop,rkop,869.688,01-06-2001,Alm. Salg,11.913,4,Sommerhus,73,1975,,Aktuel værdi
Borgvold 97080 Børkop,rkop,1.150.000,30-05-2001,Fam. Salg,7.232,5,Villa,159,1977,,Aktuel værdi
Amaliehaven 11A7080 Børkop,rkop,1.078.282,29-05-2001,Alm. Salg,12.538,2,Rækkehus,86,2000,,Aktuel værdi
Skovbyvej 157080 Børkop,rkop,900.000,25-05-2001,Alm. Salg,6.428,4,Villa,140,1964,,Aktuel værdi
Dagmarsvej 477080 Børkop,rkop,1.472.944,23-05-2001,Alm. Salg,-,6,Villa,212,1996,,Aktuel værdi
Industrivej 177080 Børkop,rkop,640.000,21-05-2001,Alm. Salg,-,4,Villa,161,1966,,Aktuel værdi
Brejning Søndergade 87080 Børkop,rkop,777.247,08-05-2001,Alm. Salg,7.850,4,Villa,99,1932,,Aktuel værdi
Bystedparken 147080 Børkop,rkop,180.000,07-05-2001,Alm. Salg,1.578,4,Villa,114,2001,,Aktuel værdi
Falkevej 37080 Børkop,rkop,989.000,05-05-2001,Alm. Salg,8.600,4,Villa,115,1973,,Aktuel værdi
Bjerrisgårdsvej 67080 Børkop,rkop,510.000,04-05-2001,Fam. Salg,11.333,2,Sommerhus,45,1965,,Aktuel værdi
Nyboesgade 37080 Børkop,rkop,830.000,27-04-2001,Alm. Salg,8.300,4,Villa,100,1950,,Aktuel værdi
Rosenstien 1A7080 Børkop,rkop,425.000,09-04-2001,Alm. Salg,3.601,5,Sommerhus,118,2003,,Aktuel værdi
Vestergade 307080 Børkop,rkop,360.947,01-04-2001,Andet,5.821,3,Villa,62,1954,,Aktuel værdi
Amaliegade 137080 Børkop,rkop,995.029,01-04-2001,Alm. Salg,6.142,6,Villa,162,1880,,Aktuel værdi
Dr. Friesvej 37080 Børkop,rkop,1.146.500,30-03-2001,Alm. Salg,6.299,3,Villa,182,1931,,Aktuel værdi
Gl Strandvej 157080 Børkop,rkop,850.000,26-03-2001,Fam. Salg,13.934,3,Sommerhus,61,1995,,Aktuel værdi
Mølleengen 1217080 Børkop,rkop,427.629,21-03-2001,Alm. Salg,2.138,6,Villa,200,1900,,Aktuel værdi
Hasseltoften 147080 Børkop,rkop,776.000,17-03-2001,Alm. Salg,9.129,4,Sommerhus,85,1973,,Aktuel værdi
Fuglebakken 97080 Børkop,rkop,688.500,05-03-2001,Fam. Salg,10.757,3,Sommerhus,64,1963,,Aktuel værdi
Skovgårdsparken 857080 Børkop,rkop,981.000,03-03-2001,Alm. Salg,6.288,6,Villa,156,1979,,Aktuel værdi
Tværvej 37080 Børkop,rkop,300.000,02-03-2001,Alm. Salg,5.357,3,Sommerhus,56,2001,,Aktuel værdi
Kragelundvænget 367080 Børkop,rkop,320.000,26-02-2001,Alm. Salg,1.807,5,Villa,177,2001,,Aktuel værdi
Toftevej 117080 Børkop,rkop,1.001.000,22-02-2001,Alm. Salg,-,3,Villa,139,1950,,Aktuel værdi
Grønningen 127080 Børkop,rkop,600.000,18-02-2001,Alm. Salg,-,5,Sommerhus,93,1968,,Aktuel værdi
Brejning Vestergade 147080 Børkop,rkop,890.000,30-01-2001,Alm. Salg,7.807,4,Villa,114,1954,,Aktuel værdi
Pindvej 187080 Børkop,rkop,450.000,29-01-2001,Alm. Salg,10.465,3,Sommerhus,43,1973,,Aktuel værdi
Pilealle 77080 Børkop,rkop,450.000,24-01-2001,Alm. Salg,10.714,2,Sommerhus,42,1959,,Aktuel værdi
Granvej 47080 Børkop,rkop,411.495,22-01-2001,Alm. Salg,7.094,3,Sommerhus,58,2003,,Aktuel værdi
Pytvej 47080 Børkop,rkop,360.000,19-01-2001,Fam. Salg,4.044,3,Sommerhus,89,2005,,Aktuel værdi
Hvidbjerghusvej 137080 Børkop,rkop,850.000,18-01-2001,Fam. Salg,9.139,4,Sommerhus,93,1939,,Aktuel værdi
Vigen 707080 Børkop,rkop,314.500,16-01-2001,Fam. Salg,3.981,3,Sommerhus,79,2003,,Aktuel værdi
Niels Pedersensvej 137080 Børkop,rkop,315.000,15-01-2001,Alm. Salg,4.565,4,Sommerhus,69,2001,,Aktuel værdi
Kragelundvænget 347080 Børkop,rkop,320.000,02-01-2001,Alm. Salg,1.576,7,Villa,203,2001,,Aktuel værdi
Skovvej 27080 Børkop,rkop,955.000,23-12-2000,Alm. Salg,-,4,Villa,121,1930,,Aktuel værdi
Dagmarsvej 357080 Børkop,rkop,1.740.000,22-12-2000,Alm. Salg,11.523,4,Villa,151,1995,,Aktuel værdi
Amaliehaven 11B7080 Børkop,rkop,1.050.000,20-12-2000,Alm. Salg,12.209,2,Rækkehus,86,2000,,Aktuel værdi
Hvidbjergvej 697080 Børkop,rkop,1.024.000,20-12-2000,Alm. Salg,-,5,Sommerhus,102,1979,,Aktuel værdi
Borlevvej 67080 Børkop,rkop,375.000,13-12-2000,Alm. Salg,7.211,3,Sommerhus,52,2003,,Aktuel værdi
Fjordvej 47080 Børkop,rkop,668.000,12-12-2000,Fam. Salg,13.916,3,Sommerhus,48,1965,,Aktuel værdi
Kløverbo 257080 Børkop,rkop,189.728,11-12-2000,Alm. Salg,1.437,2,Villa,132,2001,,Aktuel værdi
Marius Mikkelsensvej 57080 Børkop,rkop,484.500,11-12-2000,Fam. Salg,9.500,3,Sommerhus,51,1934,,Aktuel værdi
Amaliehaven 7B7080 Børkop,rkop,1.115.000,03-12-2000,Alm. Salg,12.119,2,Rækkehus,92,2000,,Aktuel værdi
Bøgevang 207080 Børkop,rkop,1.049.960,27-11-2000,Alm. Salg,6.773,6,Villa,155,1964,,Aktuel værdi
Enghavevej 1297080 Børkop,rkop,4.283.333,20-11-2000,Alm. Salg,13.772,9,Villa,311,1861,,Aktuel værdi
Bjerget 67080 Børkop,rkop,1.919.666,14-11-2000,Alm. Salg,7.006,8,Villa,274,1870,,Aktuel værdi
Frits Nielsensvej 147080 Børkop,rkop,312.000,13-11-2000,Fam. Salg,3.759,5,Sommerhus,83,1965,,Aktuel værdi
Rønnevang 647080 Børkop,rkop,265.000,10-11-2000,Alm. Salg,1.709,5,Villa,155,2001,,Aktuel værdi
Munkevej 27080 Børkop,rkop,425.000,09-11-2000,Alm. Salg,3.035,4,Villa,140,1973,,Aktuel værdi
Fjordparken 37080 Børkop,rkop,785.000,09-11-2000,Alm. Salg,10.064,4,Sommerhus,78,1980,,Aktuel værdi
Brejning Vestergade 137080 Børkop,rkop,695.000,09-11-2000,Alm. Salg,8.475,3,Villa,82,1960,,Aktuel værdi
Dagmarsvej 367080 Børkop,rkop,1.225.000,30-10-2000,Alm. Salg,-,5,Villa,149,1994,,Aktuel værdi
Kragelundvænget 407080 Børkop,rkop,268.000,13-10-2000,Alm. Salg,1.763,6,Villa,152,2001,,Aktuel værdi
Ryttergrøftsvejen 3327080 Børkop,rkop,812.244,09-10-2000,Alm. Salg,7.062,3,Villa,115,1969,,Aktuel værdi
Hvidbjergvej 1297080 Børkop,rkop,700.000,06-10-2000,Fam. Salg,11.666,4,Sommerhus,60,1964,,Aktuel værdi
Dagmarsvej 307080 Børkop,rkop,1.245.000,02-10-2000,Alm. Salg,8.527,4,Villa,146,1993,,Aktuel værdi
Toftumvej 307080 Børkop,rkop,615.000,28-09-2000,Alm. Salg,-,6,Villa,164,1907,,Aktuel værdi
Borggårdsparken 5B7080 Børkop,rkop,783.000,19-09-2000,Alm. Salg,9.211,3,Rækkehus,85,1983,,Aktuel værdi
Skovbyvej 317080 Børkop,rkop,823.000,19-09-2000,Alm. Salg,5.414,5,Villa,152,1959,,Aktuel værdi
Bøgevang 277080 Børkop,rkop,495.000,14-09-2000,Fam. Salg,3.193,4,Villa,155,1965,,Aktuel værdi
Arnoldsvej 127080 Børkop,rkop,800.000,07-09-2000,Alm. Salg,-,4,Villa,148,1965,,Aktuel værdi
Grønningen 87080 Børkop,rkop,668.000,06-09-2000,Alm. Salg,13.360,3,Sommerhus,50,1952,,Aktuel værdi
Kragelundvænget 587080 Børkop,rkop,270.000,30-08-2000,Alm. Salg,-,3,Villa,185,2000,,Aktuel værdi
Dr. Friesvej 157080 Børkop,rkop,870.000,25-08-2000,Alm. Salg,7.699,6,Villa,113,1954,,Aktuel værdi
Høllsmindevej 87080 Børkop,rkop,670.000,25-08-2000,Alm. Salg,8.170,4,Sommerhus,82,2010,,Aktuel værdi
Vigen 16A7080 Børkop,rkop,255.000,15-08-2000,Alm. Salg,-,3,Sommerhus,62,1948,,Aktuel værdi
"Brejning Søndergade 44, 1. 167080 Børkop",rkop,609.000,14-08-2000,Alm. Salg,8.229,2,Lejlighed,74,1979,,Aktuel værdi
Jupitervej 27080 Børkop,rkop,941.000,09-08-2000,Alm. Salg,6.673,5,Villa,141,1973,,Aktuel værdi
Solkrogen 107080 Børkop,rkop,480.000,08-08-2000,Alm. Salg,7.384,2,Sommerhus,65,1927,,Aktuel værdi
Bystedparken 287080 Børkop,rkop,170.000,03-08-2000,Alm. Salg,-,8,Villa,203,2001,,Aktuel værdi
Skovbyvej 20C7080 Børkop,rkop,260.000,28-07-2000,Alm. Salg,2.148,4,Villa,121,2001,,Aktuel værdi
Kragelundvænget 687080 Børkop,rkop,270.000,24-07-2000,Alm. Salg,2.410,4,Villa,112,2002,,Aktuel værdi
Vognkærvej 1067080 Børkop,rkop,399.999,22-07-2000,Alm. Salg,-,3,Sommerhus,85,1959,,Aktuel værdi
Karl Tømrersvej 67080 Børkop,rkop,1.305.100,20-07-2000,Alm. Salg,6.762,6,Villa,193,1974,,Aktuel værdi
Pindvej 57080 Børkop,rkop,811.000,18-07-2000,Alm. Salg,5.751,6,Villa,141,1964,,Aktuel værdi
Kragelundvænget 487080 Børkop,rkop,270.000,10-07-2000,Alm. Salg,1.451,5,Villa,186,2001,,Aktuel værdi
Kragelundvænget 607080 Børkop,rkop,270.000,10-07-2000,Alm. Salg,1.824,5,Villa,148,2001,,Aktuel værdi
Andkær Bygade 117080 Børkop,rkop,54.000,06-07-2000,Alm. Salg,155,12,Villa,348,1800,,Aktuel værdi
Amaliehaven 13A7080 Børkop,rkop,1.060.000,05-07-2000,Alm. Salg,12.325,2,Rækkehus,86,2000,,Aktuel værdi
Venusvej 137080 Børkop,rkop,1.040.000,03-07-2000,Alm. Salg,5.333,7,Villa,195,1976,,Aktuel værdi
Pjedstedvej 1047080 Børkop,rkop,870.000,27-06-2000,Alm. Salg,5.878,5,Villa,148,1905,,Aktuel værdi
Kragelundvænget 467080 Børkop,rkop,280.000,26-06-2000,Alm. Salg,1.917,5,Villa,146,2001,,Aktuel værdi
Mads Madsens Vænge 557080 Børkop,rkop,450.000,22-06-2000,Alm. Salg,5.696,4,Sommerhus,79,2007,,Aktuel værdi
Mølletoften 127080 Børkop,rkop,1.065.428,22-06-2000,Alm. Salg,7.610,5,Villa,140,1974,,Aktuel værdi
Knudsvej 237080 Børkop,rkop,1.130.000,20-06-2000,Alm. Salg,7.847,5,Villa,144,1978,,Aktuel værdi
Andkær Bygade 127080 Børkop,rkop,800.000,15-06-2000,Alm. Salg,5.194,4,Villa,154,1910,,Aktuel værdi
Solitudevej 187080 Børkop,rkop,840.000,14-06-2000,Alm. Salg,5.874,4,Villa,143,1973,,Aktuel værdi
Hjortedalsvej 17080 Børkop,rkop,523.000,10-06-2000,Alm. Salg,13.075,2,Sommerhus,40,1970,,Aktuel værdi
Hagenvej 1117080 Børkop,rkop,1.240.000,05-06-2000,Alm. Salg,18.235,3,Sommerhus,68,1964,,Aktuel værdi
Bygballevej 1037080 Børkop,rkop,82.500,02-06-2000,Alm. Salg,222,10,Villa,370,1873,,Aktuel værdi
Bystedvej 57080 Børkop,rkop,542.000,31-05-2000,Alm. Salg,6.022,5,Villa,90,1827,,Aktuel værdi
Fuglekærvej 1267080 Børkop,rkop,750.000,31-05-2000,Fam. Salg,6.696,4,Villa,112,1950,,Aktuel værdi
Bjørnsvej 67080 Børkop,rkop,212.500,28-05-2000,Fam. Salg,10.625,1,Sommerhus,20,1962,,Aktuel værdi
Toftumvej 287080 Børkop,rkop,1.180.797,25-05-2000,Alm. Salg,5.441,6,Stuehus,217,1918,,
Chr Kellersvej 37080 Børkop,rkop,487.000,25-05-2000,Alm. Salg,3.225,3,Villa,151,1900,,Aktuel værdi
Thyrasvej 117080 Børkop,rkop,1.110.000,23-05-2000,Alm. Salg,5.336,6,Villa,208,1973,,Aktuel værdi
Randsborgvænget 47080 Børkop,rkop,1.070.000,23-05-2000,Alm. Salg,8.045,6,Sommerhus,133,1970,,Aktuel værdi
Amaliehaven 357080 Børkop,rkop,260.000,22-05-2000,Alm. Salg,1.306,7,Villa,199,2001,,Aktuel værdi
Hvidbjergvej 857080 Børkop,rkop,895.000,19-05-2000,Fam. Salg,19.456,4,Sommerhus,46,1925,,Aktuel værdi
Ouskær 227080 Børkop,rkop,230.000,18-05-2000,Alm. Salg,1.642,6,Villa,140,1827,,Aktuel værdi
Overgaden 2J7080 Børkop,rkop,930.000,15-05-2000,Alm. Salg,10.219,3,Rækkehus,91,1996,,Aktuel værdi
Sønderskovvej 1507080 Børkop,rkop,1.885.290,12-05-2000,Alm. Salg,10.358,4,Stuehus,182,1892,,
Villavej 107080 Børkop,rkop,1.000.000,11-05-2000,Alm. Salg,-,4,Villa,180,1934,,Aktuel værdi
Niels Pedersensvej 20B7080 Børkop,rkop,1.126.000,10-05-2000,Alm. Salg,15.013,4,Sommerhus,75,1978,,Aktuel værdi
Skovbyvej 20F7080 Børkop,rkop,240.000,08-05-2000,Alm. Salg,1.655,6,Villa,145,2001,,Aktuel værdi
Frits Nielsensvej 47080 Børkop,rkop,595.000,05-05-2000,Alm. Salg,12.395,3,Sommerhus,48,1967,,Aktuel værdi
Solskinsvej 1087080 Børkop,rkop,120.000,29-04-2000,Alm. Salg,1.621,3,Sommerhus,74,1843,,Aktuel værdi
Pindvej 167080 Børkop,rkop,497.000,26-04-2000,Alm. Salg,9.940,3,Sommerhus,50,1977,,Aktuel værdi
Mamrelund 17080 Børkop,rkop,1.552.380,20-04-2000,Alm. Salg,10.780,4,Villa,144,1928,,Aktuel værdi
Høllvej 1277080 Børkop,rkop,518.500,14-04-2000,Fam. Salg,5.892,3,Villa,88,1963,,Aktuel værdi
Roarsvej 137080 Børkop,rkop,851.000,06-04-2000,Alm. Salg,7.464,4,Villa,114,1972,,Aktuel værdi
Hebovænget 17080 Børkop,rkop,363.347,04-04-2000,Fam. Salg,3.027,4,Villa,120,1965,,Aktuel værdi
Vognkærvej 1087080 Børkop,rkop,1.650.000,31-03-2000,Alm. Salg,27.049,3,Sommerhus,61,1993,,Aktuel værdi
Enebærvej 107080 Børkop,rkop,440.000,29-03-2000,Alm. Salg,8.000,3,Sommerhus,55,1957,,Aktuel værdi
Munkedalen 257080 Børkop,rkop,911.000,27-03-2000,Alm. Salg,6.601,5,Villa,138,1973,,Aktuel værdi
Egevang 357080 Børkop,rkop,776.000,17-03-2000,Alm. Salg,-,7,Villa,166,1964,,Aktuel værdi
Østergårdsvej 77080 Børkop,rkop,1.000.000,17-03-2000,Alm. Salg,7.142,4,Villa,140,1964,,Aktuel værdi
Sommerstien 167080 Børkop,rkop,410.000,14-03-2000,Alm. Salg,4.939,4,Sommerhus,83,2014,,Aktuel værdi
Munkedalen 237080 Børkop,rkop,925.000,13-03-2000,Alm. Salg,6.607,5,Villa,140,1974,,Aktuel værdi
Sønderskovvej 77080 Børkop,rkop,719.000,03-03-2000,Alm. Salg,7.568,4,Villa,95,1966,,Aktuel værdi
Lyngbakkevej 97080 Børkop,rkop,936.000,24-02-2000,Alm. Salg,7.090,5,Villa,132,1979,,Aktuel værdi
Andkær Bygade 17080 Børkop,rkop,621.700,22-02-2000,Alm. Salg,5.756,4,Villa,108,1877,,Aktuel værdi
Nyvej 107080 Børkop,rkop,749.700,20-02-2000,Alm. Salg,3.657,8,Villa,205,1927,,Aktuel værdi
Skovgårdsparken 727080 Børkop,rkop,1.320.000,18-02-2000,Alm. Salg,8.048,5,Villa,164,1978,,Aktuel værdi
Hasseltoften 67080 Børkop,rkop,340.000,15-02-2000,Fam. Salg,6.800,4,Sommerhus,50,1961,,Aktuel værdi
"Tømmervej 12, 17080 Børkop",rkop,3.500.000,14-02-2000,Alm. Salg,28.000,4,Anden beboelse,125,1967,,Aktuel værdi
Andkær Bygade 207080 Børkop,rkop,530.000,12-02-2000,Alm. Salg,6.022,3,Villa,88,1877,,Aktuel værdi
Damsbo 147080 Børkop,rkop,1.075.000,11-02-2000,Alm. Salg,6.515,6,Villa,165,1977,,Aktuel værdi
Bjerrevænget 447080 Børkop,rkop,1.057.000,10-02-2000,Alm. Salg,7.443,4,Villa,142,1977,,Aktuel værdi
Elbækvej 107080 Børkop,rkop,510.000,27-01-2000,Fam. Salg,2.982,7,Villa,171,1920,,Aktuel værdi
Amaliehaven 187080 Børkop,rkop,260.000,24-01-2000,Alm. Salg,1.830,5,Villa,142,2000,,Aktuel værdi
Andkær Bygade 77080 Børkop,rkop,990.000,18-01-2000,Alm. Salg,2.675,14,Villa,370,1862,,Aktuel værdi
Poppelvang 47080 Børkop,rkop,713.000,17-01-2000,Alm. Salg,4.428,6,Villa,161,1969,,Aktuel værdi
Birkevang 137080 Børkop,rkop,802.540,12-01-2000,Alm. Salg,7.430,2,Villa,108,1967,,Aktuel værdi
Brandtlundvej 167080 Børkop,rkop,1.567.000,06-01-2000,Alm. Salg,9.057,5,Villa,173,1985,,Aktuel værdi
Irisvej 37080 Børkop,rkop,999.000,06-01-2000,Alm. Salg,7.804,3,Villa,128,1969,,Aktuel værdi
Gårslev Nørregade 27080 Børkop,rkop,1.073.000,02-01-2000,Alm. Salg,5.133,7,Villa,209,1927,,Aktuel værdi
Becksvej 107080 Børkop,rkop,578.000,28-12-1999,Fam. Salg,-,4,Sommerhus,76,1950,,Aktuel værdi
Becksvej 127080 Børkop,rkop,484.500,28-12-1999,Fam. Salg,11.535,3,Sommerhus,42,1944,,Aktuel værdi
Vigen 467080 Børkop,rkop,500.000,20-12-1999,Alm. Salg,-,3,Sommerhus,47,1975,,Aktuel værdi
Amaliehaven 257080 Børkop,rkop,260.000,17-12-1999,Alm. Salg,1.911,3,Villa,136,2000,,Aktuel værdi
Stoffersvej 77080 Børkop,rkop,600.000,17-12-1999,Alm. Salg,8.219,4,Sommerhus,73,1960,,Aktuel værdi
Damsbo 17080 Børkop,rkop,1.028.000,15-12-1999,Alm. Salg,9.017,4,Villa,114,1978,,Aktuel værdi
Fjordvænget 187080 Børkop,rkop,360.000,14-12-1999,Alm. Salg,1.818,6,Villa,198,2001,,Aktuel værdi
Tværvej 57080 Børkop,rkop,169.500,10-12-1999,Fam. Salg,3.026,4,Sommerhus,56,2003,,Aktuel værdi
Vibevej 57080 Børkop,rkop,1.011.862,09-12-1999,Alm. Salg,8.432,5,Villa,120,1975,,Aktuel værdi
Elbækvej 477080 Børkop,rkop,107.500,08-12-1999,Alm. Salg,934,3,Villa,115,2000,,Aktuel værdi
Fasanvej 27080 Børkop,rkop,790.500,07-12-1999,Fam. Salg,4.849,5,Villa,163,1971,,Aktuel værdi
Mølletoften 247080 Børkop,rkop,1.009.000,05-12-1999,Alm. Salg,5.605,7,Villa,180,1973,,Aktuel værdi
Møllegade 357080 Børkop,rkop,935.841,02-12-1999,Andet,7.998,3,Villa,117,1956,,Aktuel værdi
Borggårdsparken 1087080 Børkop,rkop,1.200.000,29-11-1999,Alm. Salg,9.230,5,Villa,130,1984,,Aktuel værdi
Kirkegade 247080 Børkop,rkop,1.850.000,23-11-1999,Alm. Salg,8.078,7,Villa,229,1875,,Aktuel værdi
Bøgevang 17080 Børkop,rkop,849.567,21-11-1999,Alm. Salg,3.357,8,Villa,253,1966,,Aktuel værdi
Skovbrynet 177080 Børkop,rkop,710.000,13-11-1999,Alm. Salg,5.071,5,Villa,140,1981,,Aktuel værdi
Borggårdsparken 847080 Børkop,rkop,1.115.000,07-11-1999,Alm. Salg,-,5,Villa,159,1979,,Aktuel værdi
Hvidbjergvej 817080 Børkop,rkop,580.000,30-10-1999,Alm. Salg,-,4,Sommerhus,97,1926,,Aktuel værdi
Bystedparken 207080 Børkop,rkop,190.000,29-10-1999,Alm. Salg,1.165,4,Villa,163,2000,,Aktuel værdi
Hyldevej 77080 Børkop,rkop,1.068.000,26-10-1999,Alm. Salg,7.416,5,Villa,144,1970,,Aktuel værdi
Elbækvej 347080 Børkop,rkop,730.000,25-10-1999,Fam. Salg,4.147,5,Villa,176,1911,,Aktuel værdi
Sct. Jørgens Parken 247080 Børkop,rkop,779.500,14-10-1999,Andet,7.954,4,Villa,98,1976,,Aktuel værdi
Industrivej 427080 Børkop,rkop,1.322.500,14-10-1999,Andet,4.498,9,Villa,294,1976,,Aktuel værdi
Hvidbjergvej 557080 Børkop,rkop,1.500.000,11-10-1999,Alm. Salg,11.627,6,Sommerhus,129,1973,,Aktuel værdi
Borggårdsparken 627080 Børkop,rkop,1.188.601,11-10-1999,Alm. Salg,7.522,5,Villa,158,1979,,Aktuel værdi
Frits Nielsensvej 107080 Børkop,rkop,519.832,06-10-1999,Alm. Salg,-,4,Sommerhus,59,1964,,Aktuel værdi
Vigen 547080 Børkop,rkop,235.000,01-10-1999,Alm. Salg,-,3,Sommerhus,64,1950,,Aktuel værdi
Amaliegade 407080 Børkop,rkop,760.000,30-09-1999,Alm. Salg,5.314,4,Villa,143,1924,,Aktuel værdi
Vibevej 167080 Børkop,rkop,1.126.000,24-09-1999,Alm. Salg,8.100,5,Villa,139,1973,,Aktuel værdi
Solsortevej 67080 Børkop,rkop,1.560.000,24-09-1999,Alm. Salg,8.524,5,Villa,183,1974,,Aktuel værdi
Merkurvej 147080 Børkop,rkop,911.954,23-09-1999,Alm. Salg,7.930,4,Villa,115,1972,,Aktuel værdi
Kirkegade 417080 Børkop,rkop,2.100.000,21-09-1999,Alm. Salg,8.750,6,Villa,240,1877,,Aktuel værdi
Sellerupvej 377080 Børkop,rkop,500.000,16-09-1999,Alm. Salg,-,3,Villa,116,1960,,Aktuel værdi
Hørgyden 307080 Børkop,rkop,570.000,10-09-1999,Alm. Salg,3.333,5,Villa,171,1951,,Aktuel værdi
Overbyparken 137080 Børkop,rkop,226.000,08-09-1999,Alm. Salg,1.458,4,Villa,155,2000,,Aktuel værdi
Lyngbakkevej 197080 Børkop,rkop,238.000,08-09-1999,Alm. Salg,4.250,3,Sommerhus,56,1960,,Aktuel værdi
Skovbyvej 577080 Børkop,rkop,550.800,03-09-1999,Fam. Salg,3.576,5,Stuehus,154,1877,,
Fjordvænget 307080 Børkop,rkop,335.000,01-09-1999,Alm. Salg,1.580,4,Villa,212,2000,,Aktuel værdi
Violvej 47080 Børkop,rkop,154.190,01-09-1999,Fam. Salg,2.372,2,Sommerhus,65,1999,,Aktuel værdi
Amaliehaven 417080 Børkop,rkop,260.000,30-08-1999,Alm. Salg,1.780,4,Villa,146,1999,,Aktuel værdi
V. Borgenvej 37080 Børkop,rkop,430.000,23-08-1999,Fam. Salg,7.413,4,Sommerhus,58,1973,,Aktuel værdi
Amaliehaven 247080 Børkop,rkop,260.000,20-08-1999,Alm. Salg,1.468,6,Villa,177,2000,,Aktuel værdi
Stensigkærvej 357080 Børkop,rkop,1.650.000,19-08-1999,Fam. Salg,10.185,8,Stuehus,162,1894,,
Hammervej 157080 Børkop,rkop,1.269.000,19-08-1999,Alm. Salg,7.050,7,Villa,180,1983,,Aktuel værdi
Stationsvej 447080 Børkop,rkop,910.000,12-08-1999,Alm. Salg,4.550,5,Villa,200,1934,,Aktuel værdi
Nyvej 15B7080 Børkop,rkop,685.000,06-08-1999,Alm. Salg,4.691,3,Villa,146,1960,,Aktuel værdi
Brejning Søndergade 47080 Børkop,rkop,925.000,28-07-1999,Alm. Salg,6.851,4,Villa,135,1927,,Aktuel værdi
Tryllevej 27080 Børkop,rkop,600.000,27-07-1999,Alm. Salg,-,4,Sommerhus,87,1961,,Aktuel værdi
Elbækvej 687080 Børkop,rkop,1.115.000,27-07-1999,Alm. Salg,6.126,4,Villa,182,1964,,Aktuel værdi
Strandhusvej 27080 Børkop,rkop,585.000,20-07-1999,Alm. Salg,9.435,2,Sommerhus,62,1963,,Aktuel værdi
Rønnevang 417080 Børkop,rkop,200.000,16-07-1999,Alm. Salg,1.351,4,Villa,148,1999,,Aktuel værdi
Overbyparken 617080 Børkop,rkop,225.000,09-07-1999,Alm. Salg,1.250,4,Villa,180,2000,,Aktuel værdi
Borggårdsparken 927080 Børkop,rkop,1.040.000,09-07-1999,Alm. Salg,8.666,4,Villa,120,1980,,Aktuel værdi
Bækkelund 47080 Børkop,rkop,67.644,02-07-1999,Alm. Salg,497,2,Villa,136,2003,,Aktuel værdi
Frits Nielsensvej 67080 Børkop,rkop,597.000,02-07-1999,Alm. Salg,9.476,4,Sommerhus,63,1966,,Aktuel værdi
Fjordvænget 127080 Børkop,rkop,360.000,30-06-1999,Alm. Salg,2.093,6,Villa,172,2000,,Aktuel værdi
Randsborgvej 107080 Børkop,rkop,350.000,23-06-1999,Alm. Salg,10.606,2,Sommerhus,33,1950,,Aktuel værdi
Elbækvej 21A7080 Børkop,rkop,934.000,22-06-1999,Alm. Salg,6.441,4,Villa,145,1976,,Aktuel værdi
Lærkevej 127080 Børkop,rkop,1.036.000,19-06-1999,Alm. Salg,7.562,5,Villa,137,1972,,Aktuel værdi
Birkevang 22E7080 Børkop,rkop,220.000,18-06-1999,Alm. Salg,5.116,2,Rækkehus,43,1967,,Aktuel værdi
Bystedparken 87080 Børkop,rkop,190.000,17-06-1999,Alm. Salg,1.386,4,Villa,137,2000,,Aktuel værdi
Toftevej 167080 Børkop,rkop,673.000,17-06-1999,Alm. Salg,4.341,6,Villa,155,1955,,Aktuel værdi
Irisvej 137080 Børkop,rkop,1.095.000,16-06-1999,Alm. Salg,5.793,5,Villa,189,1966,,Aktuel værdi
Sommerstien 327080 Børkop,rkop,645.000,15-06-1999,Alm. Salg,14.333,2,Sommerhus,45,1934,,Aktuel værdi
Niels Pedersensvej 107080 Børkop,rkop,1.031.000,15-06-1999,Alm. Salg,8.811,4,Sommerhus,117,1947,,Aktuel værdi
V. Borgenvej 47080 Børkop,rkop,295.000,14-06-1999,Fam. Salg,3.470,4,Sommerhus,85,2015,,Aktuel værdi
Vigen 347080 Børkop,rkop,650.000,12-06-1999,Alm. Salg,7.303,5,Sommerhus,89,1976,,Aktuel værdi
Skovbrynet 157080 Børkop,rkop,900.000,10-06-1999,Alm. Salg,6.666,5,Villa,135,1967,,Aktuel værdi
Hvidbjergvej 27080 Børkop,rkop,1.960.000,03-06-1999,Alm. Salg,5.521,8,Villa,355,1852,,Aktuel værdi
Fædrift 87080 Børkop,rkop,950.000,31-05-1999,Alm. Salg,6.333,4,Villa,150,1965,,Aktuel værdi
Nyvej 217080 Børkop,rkop,580.000,26-05-1999,Alm. Salg,4.296,8,Villa,135,1947,,Aktuel værdi
Karl Tømrersvej 217080 Børkop,rkop,714.995,22-05-1999,Alm. Salg,6.499,4,Villa,110,1973,,Aktuel værdi
Munkedalen 217080 Børkop,rkop,93.585,20-05-1999,Alm. Salg,640,3,Villa,146,2000,,Aktuel værdi
Skovvej 147080 Børkop,rkop,726.000,19-05-1999,Alm. Salg,10.083,2,Villa,72,1959,,Aktuel værdi
Vigen 87080 Børkop,rkop,535.000,19-05-1999,Alm. Salg,10.288,3,Sommerhus,52,1957,,Aktuel værdi
Bøgevang 97080 Børkop,rkop,857.191,18-05-1999,Alm. Salg,9.119,3,Villa,94,1968,,Aktuel værdi
Overbyparken 157080 Børkop,rkop,230.000,03-05-1999,Alm. Salg,1.059,7,Villa,217,2000,,Aktuel værdi
Overbyparken 177080 Børkop,rkop,230.000,03-05-1999,Alm. Salg,1.360,5,Villa,169,2000,,Aktuel værdi
Skovgårdsparken 47080 Børkop,rkop,1.100.000,23-04-1999,Alm. Salg,10.679,5,Villa,103,1996,,Aktuel værdi
Sellerup Strandvej 627080 Børkop,rkop,2.400.000,22-04-1999,Alm. Salg,10.666,6,Villa,225,1980,,Aktuel værdi
Knudsvej 147080 Børkop,rkop,1.042.000,15-04-1999,Alm. Salg,-,8,Villa,215,1974,,Aktuel værdi
Sommerstien 127080 Børkop,rkop,178.075,15-04-1999,Fam. Salg,2.095,3,Sommerhus,85,2015,,Aktuel værdi
Niels Pedersensvej 87080 Børkop,rkop,770.000,14-04-1999,Alm. Salg,-,5,Sommerhus,97,1970,,Aktuel værdi
Overbyparken 437080 Børkop,rkop,245.000,13-04-1999,Alm. Salg,1.750,4,Villa,140,1999,,Aktuel værdi
Svinget 107080 Børkop,rkop,775.000,12-04-1999,Alm. Salg,14.351,4,Sommerhus,54,1925,,Aktuel værdi
Rønnevang 477080 Børkop,rkop,200.000,01-04-1999,Alm. Salg,1.503,3,Villa,133,1999,,Aktuel værdi
Enggade 67080 Børkop,rkop,766.000,31-03-1999,Alm. Salg,6.660,5,Villa,115,1913,,Aktuel værdi
Bjerrevænget 297080 Børkop,rkop,1.074.000,30-03-1999,Alm. Salg,7.897,5,Villa,136,1978,,Aktuel værdi
Gårslev Nørregade 37080 Børkop,rkop,326.784,19-03-1999,Alm. Salg,2.475,6,Villa,132,1938,,Aktuel værdi
Strandvænget 57080 Børkop,rkop,451.000,17-03-1999,Alm. Salg,5.567,4,Sommerhus,81,2008,,Aktuel værdi
Randsborgvej 177080 Børkop,rkop,400.000,15-03-1999,Alm. Salg,4.000,3,Villa,100,2001,,Aktuel værdi
Marius Hansensvej 207080 Børkop,rkop,937.572,11-03-1999,Alm. Salg,7.813,4,Sommerhus,120,1947,,Aktuel værdi
Sellerup Strandvej 517080 Børkop,rkop,60.000,02-03-1999,Alm. Salg,1.714,2,Sommerhus,35,1965,,Aktuel værdi
Møllegade 97080 Børkop,rkop,770.000,01-03-1999,Alm. Salg,5.500,7,Villa,140,1877,,Aktuel værdi
Lærkevej 327080 Børkop,rkop,960.000,01-03-1999,Alm. Salg,7.218,4,Villa,133,1973,,Aktuel værdi
Rønnevang 217080 Børkop,rkop,175.000,26-02-1999,Alm. Salg,1.277,6,Villa,137,1999,,Aktuel værdi
Marsvej 77080 Børkop,rkop,854.000,25-02-1999,Alm. Salg,8.455,3,Villa,101,1975,,Aktuel værdi
Overbyparken 627080 Børkop,rkop,245.000,19-02-1999,Alm. Salg,1.317,5,Villa,186,2002,,Aktuel værdi
Andkær Bygade 107080 Børkop,rkop,499.000,16-02-1999,Alm. Salg,-,6,Villa,145,1880,,Aktuel værdi
Rønnevang 337080 Børkop,rkop,1.386.000,16-02-1999,Alm. Salg,9.240,4,Villa,150,1999,,Aktuel værdi
Ryttergrøftsvejen 3087080 Børkop,rkop,503.242,03-02-1999,Alm. Salg,4.616,5,Stuehus,109,1922,,
Fjordvej 147080 Børkop,rkop,550.000,01-02-1999,Alm. Salg,5.851,3,Sommerhus,94,2009,,Aktuel værdi
H.O. Wildenskovsvej 117080 Børkop,rkop,1.000.000,29-01-1999,Alm. Salg,6.896,6,Villa,145,1959,,Aktuel værdi
Amalievænget 417080 Børkop,rkop,875.000,26-01-1999,Alm. Salg,9.308,3,Villa,94,1999,,Aktuel værdi
Overgaden 267080 Børkop,rkop,1.095.000,22-01-1999,Alm. Salg,3.201,6,Villa,342,1877,,Aktuel værdi
Overbyparken 567080 Børkop,rkop,269.450,21-01-1999,Alm. Salg,1.277,7,Villa,211,1999,,Aktuel værdi
Børkop Skovvej 1247080 Børkop,rkop,1.508.720,18-01-1999,Alm. Salg,-,5,Villa,222,1877,,Aktuel værdi
Chr Kellersvej 117080 Børkop,rkop,924.000,17-01-1999,Alm. Salg,5.923,6,Villa,156,1906,,Aktuel værdi
Amalievænget 437080 Børkop,rkop,855.000,05-01-1999,Alm. Salg,9.293,3,Rækkehus,92,1999,,Aktuel værdi
Falkevej 87080 Børkop,rkop,475.000,17-12-1998,Alm. Salg,3.991,4,Villa,119,1973,,Aktuel værdi
Marsvej 147080 Børkop,rkop,960.500,17-12-1998,Alm. Salg,6.403,4,Villa,150,1973,,Aktuel værdi
Amaliegade 337080 Børkop,rkop,949.000,12-12-1998,Alm. Salg,4.745,7,Villa,200,1912,,Aktuel værdi
Stationsvej 577080 Børkop,rkop,820.000,17-11-1998,Alm. Salg,9.111,3,Villa,90,1951,,Aktuel værdi
Overbyparken 557080 Børkop,rkop,245.000,17-11-1998,Alm. Salg,1.408,4,Villa,174,1999,,Aktuel værdi
Hvidbjergvej 117C7080 Børkop,rkop,300.000,11-11-1998,Alm. Salg,3.333,3,Sommerhus,90,1999,,Aktuel værdi
Munkevej 207080 Børkop,rkop,1.255.000,03-11-1998,Alm. Salg,-,6,Villa,197,1925,,Aktuel værdi
Bøgevang 267080 Børkop,rkop,947.455,02-11-1998,Alm. Salg,6.401,6,Villa,148,1964,,Aktuel værdi
Munkedalen 197080 Børkop,rkop,87.380,02-11-1998,Alm. Salg,619,3,Villa,141,1999,,Aktuel værdi
Klosterbakken 67080 Børkop,rkop,966.000,01-11-1998,Alm. Salg,-,6,Villa,210,1972,,Aktuel værdi
Dagmarsvej 377080 Børkop,rkop,1.297.093,31-10-1998,Alm. Salg,10.376,5,Villa,125,1997,,Aktuel værdi
Kraggyden 37080 Børkop,rkop,572.900,30-10-1998,Alm. Salg,5.672,4,Villa,101,1927,,Aktuel værdi
Overbyparken 397080 Børkop,rkop,245.000,30-10-1998,Alm. Salg,1.644,4,Villa,149,1999,,Aktuel værdi
Rytterskolevej 147080 Børkop,rkop,760.000,29-10-1998,Alm. Salg,-,5,Villa,196,1978,,Aktuel værdi
"Brejning Søndergade 44, 1. 117080 Børkop",rkop,351.000,29-10-1998,Andet,4.034,3,Lejlighed,87,1979,,Aktuel værdi
Munkevej 347080 Børkop,rkop,125.000,27-10-1998,Alm. Salg,954,3,Villa,131,1999,,Aktuel værdi
Overbyparken 377080 Børkop,rkop,245.000,19-10-1998,Alm. Salg,-,4,Villa,145,1999,,Aktuel værdi
Overbyparken 537080 Børkop,rkop,245.000,15-10-1998,Alm. Salg,1.622,5,Villa,151,1999,,Aktuel værdi
Hvidbjergvej 457080 Børkop,rkop,635.000,13-10-1998,Alm. Salg,9.202,4,Sommerhus,69,1975,,Aktuel værdi
Overbyparken 297080 Børkop,rkop,245.000,12-10-1998,Alm. Salg,-,4,Villa,168,1999,,Aktuel værdi
Irisvej 117080 Børkop,rkop,970.000,12-10-1998,Alm. Salg,7.238,5,Villa,134,1968,,Aktuel værdi
Stationsvej 307080 Børkop,rkop,604.000,09-10-1998,Alm. Salg,4.108,5,Villa,147,1937,,Aktuel værdi
Dr. Friesvej 17080 Børkop,rkop,617.015,08-10-1998,Alm. Salg,3.650,6,Villa,169,1927,,Aktuel værdi
Randsborgvej 77080 Børkop,rkop,536.000,08-10-1998,Alm. Salg,-,3,Sommerhus,57,1959,,Aktuel værdi
Munkevej 327080 Børkop,rkop,125.000,05-10-1998,Alm. Salg,791,4,Villa,158,1999,,Aktuel værdi
Spurvevænget 107080 Børkop,rkop,490.000,01-10-1998,Alm. Salg,5.444,3,Sommerhus,90,2001,,Aktuel værdi
Skovbyvej 687080 Børkop,rkop,686.000,01-10-1998,Alm. Salg,5.716,5,Villa,120,1955,,Aktuel værdi
Tårnet 67080 Børkop,rkop,960.000,30-09-1998,Alm. Salg,6.274,4,Villa,153,1983,,Aktuel værdi
Dagmarsvej 437080 Børkop,rkop,1.345.000,25-09-1998,Alm. Salg,10.346,5,Villa,130,1996,,Aktuel værdi
Brejning Nørregade 107080 Børkop,rkop,1.516.000,24-09-1998,Alm. Salg,6.478,7,Villa,234,1903,,Aktuel værdi
Borgvold 297080 Børkop,rkop,866.000,22-09-1998,Alm. Salg,5.312,4,Villa,163,1976,,Aktuel værdi
Munkebakken 57080 Børkop,rkop,848.000,20-09-1998,Alm. Salg,7.008,4,Villa,121,1973,,Aktuel værdi
Borggårdsparken 357080 Børkop,rkop,1.575.000,18-09-1998,Alm. Salg,7.645,7,Villa,206,1979,,Aktuel værdi
Nyvej 207080 Børkop,rkop,857.000,17-09-1998,Alm. Salg,6.592,6,Villa,130,1936,,Aktuel værdi
Lilholtparken 257080 Børkop,rkop,210.000,16-09-1998,Alm. Salg,1.088,5,Villa,193,1999,,Aktuel værdi
Overbyparken 577080 Børkop,rkop,245.000,15-09-1998,Alm. Salg,1.408,4,Villa,174,1999,,Aktuel værdi
Kirkebakken 237080 Børkop,rkop,820.000,04-09-1998,Alm. Salg,-,3,Villa,99,1953,,Aktuel værdi
Overbyparken 357080 Børkop,rkop,245.000,02-09-1998,Alm. Salg,1.503,3,Villa,163,1999,,Aktuel værdi
Stationsvej 17080 Børkop,rkop,790.000,27-08-1998,Alm. Salg,7.314,3,Villa,108,1930,,Aktuel værdi
Stationsvej 127080 Børkop,rkop,490.000,24-08-1998,Alm. Salg,-,5,Villa,134,1906,,Aktuel værdi
Hasseltoften 27080 Børkop,rkop,594.392,22-08-1998,Alm. Salg,10.248,3,Sommerhus,58,1978,,Aktuel værdi
Stationsvej 97080 Børkop,rkop,701.000,20-08-1998,Alm. Salg,2.792,7,Villa,251,1922,,Aktuel værdi
Nyboesgade 167080 Børkop,rkop,380.000,13-08-1998,Alm. Salg,3.089,4,Villa,123,1957,,Aktuel værdi
Overbyparken 607080 Børkop,rkop,245.000,12-08-1998,Alm. Salg,1.884,3,Villa,130,1999,,Aktuel værdi
Gregersensvej 47080 Børkop,rkop,500.000,06-08-1998,Alm. Salg,9.615,3,Sommerhus,52,1955,,Aktuel værdi
Toftumvej 127080 Børkop,rkop,600.000,29-07-1998,Alm. Salg,5.825,4,Villa,103,1900,,Aktuel værdi
Stationsvej 77080 Børkop,rkop,1.156.810,22-07-1998,Alm. Salg,7.230,6,Villa,160,1933,,Aktuel værdi
Munkebo 127080 Børkop,rkop,1.072.740,15-07-1998,Alm. Salg,7.347,6,Villa,146,1972,,Aktuel værdi
Gregersensvej 147080 Børkop,rkop,375.000,13-07-1998,Alm. Salg,7.812,3,Sommerhus,48,1961,,Aktuel værdi
Villavej 97080 Børkop,rkop,660.000,07-07-1998,Alm. Salg,3.975,5,Villa,166,1928,,Aktuel værdi
Rønnevang 437080 Børkop,rkop,200.000,01-07-1998,Alm. Salg,1.360,3,Villa,147,1999,,Aktuel værdi
Tjørnevej 77080 Børkop,rkop,985.000,01-07-1998,Alm. Salg,8.208,4,Villa,120,1985,,Aktuel værdi
Granvej 27080 Børkop,rkop,380.000,30-06-1998,Alm. Salg,7.450,3,Sommerhus,51,1999,,Aktuel værdi
Overbyparken 417080 Børkop,rkop,245.000,30-06-1998,Alm. Salg,1.666,4,Villa,147,1999,,Aktuel værdi
Borgvold 177080 Børkop,rkop,906.155,25-06-1998,Alm. Salg,7.811,5,Villa,116,1977,,Aktuel værdi
Overgaden 107080 Børkop,rkop,445.000,17-06-1998,Fam. Salg,-,6,Villa,218,1825,,Aktuel værdi
Hvidbjergvej 437080 Børkop,rkop,626.000,12-06-1998,Alm. Salg,8.694,4,Sommerhus,72,1976,,Aktuel værdi
Overbyparken 237080 Børkop,rkop,245.000,09-06-1998,Alm. Salg,1.788,5,Villa,137,1998,,Aktuel værdi
Marius Hansensvej 167080 Børkop,rkop,440.000,05-06-1998,Alm. Salg,5.238,3,Sommerhus,84,1999,,Aktuel værdi
Munkebo 117080 Børkop,rkop,1.246.000,01-06-1998,Alm. Salg,7.286,4,Villa,171,1972,,Aktuel værdi
Overbyparken 457080 Børkop,rkop,245.000,25-05-1998,Alm. Salg,1.493,4,Villa,164,1998,,Aktuel værdi
Fjordparken 17080 Børkop,rkop,555.000,18-05-1998,Alm. Salg,-,4,Sommerhus,77,1977,,Aktuel værdi
Rønnevang 357080 Børkop,rkop,190.000,13-05-1998,Alm. Salg,871,5,Villa,218,1998,,Aktuel værdi
Elbækvej 587080 Børkop,rkop,778.000,07-05-1998,Alm. Salg,8.840,4,Rækkehus,88,1990,,Aktuel værdi
Andkærvej 2257080 Børkop,rkop,290.000,05-05-1998,Alm. Salg,3.815,2,Villa,76,1964,,Aktuel værdi
Overbyparken 657080 Børkop,rkop,245.000,30-04-1998,Alm. Salg,1.475,4,Villa,166,1998,,Aktuel værdi
Bjergstien 67080 Børkop,rkop,590.000,30-04-1998,Alm. Salg,8.309,5,Sommerhus,71,1960,,Aktuel værdi
Vadestedet 27080 Børkop,rkop,1.135.000,27-04-1998,Alm. Salg,5.761,6,Villa,197,1898,,Aktuel værdi
Søndervænget 217080 Børkop,rkop,800.000,27-04-1998,Alm. Salg,4.347,6,Villa,184,1973,,Aktuel værdi
Tårnet 77080 Børkop,rkop,120.000,15-04-1998,Alm. Salg,579,5,Villa,207,1998,,Aktuel værdi
Stistedvej 1017080 Børkop,rkop,1.500.000,07-04-1998,Alm. Salg,4.601,7,Villa,326,1917,,Aktuel værdi
Overbyparken 217080 Børkop,rkop,245.000,06-04-1998,Alm. Salg,-,6,Villa,283,2000,,Aktuel værdi
Amaliegade 447080 Børkop,rkop,595.000,06-04-1998,Alm. Salg,8.150,4,Villa,73,1961,,Aktuel værdi
Skovbyvej 527080 Børkop,rkop,843.000,04-04-1998,Alm. Salg,4.484,5,Villa,188,1928,,Aktuel værdi
Arnoldsvej 27080 Børkop,rkop,950.000,03-04-1998,Alm. Salg,5.000,5,Villa,190,1969,,Aktuel værdi
Søndervænget 227080 Børkop,rkop,875.000,01-04-1998,Alm. Salg,6.250,4,Villa,140,1972,,Aktuel værdi
Overgaden 257080 Børkop,rkop,695.196,31-03-1998,Alm. Salg,9.028,3,Villa,77,1945,,Aktuel værdi
Johannevej 77080 Børkop,rkop,540.000,31-03-1998,Alm. Salg,-,3,Sommerhus,79,1967,,Aktuel værdi
Elbækvej 277080 Børkop,rkop,1.010.000,31-03-1998,Alm. Salg,8.278,3,Villa,122,1966,,Aktuel værdi
Overbyparken 497080 Børkop,rkop,245.000,24-03-1998,Alm. Salg,1.814,4,Villa,135,1998,,Aktuel værdi
Skovbyvej 497080 Børkop,rkop,433.500,20-03-1998,Fam. Salg,-,8,Villa,190,1850,,Aktuel værdi
Fredericiavej 4107080 Børkop,rkop,3.731.692,19-03-1998,Alm. Salg,13.423,7,Stuehus,278,1876,,
Vigen 287080 Børkop,rkop,665.000,17-03-1998,Alm. Salg,7.916,4,Sommerhus,84,1977,,Aktuel værdi
Knudsvej 97080 Børkop,rkop,375.000,12-03-1998,Alm. Salg,2.300,4,Villa,163,1977,,Aktuel værdi
Udsigten 27080 Børkop,rkop,995.000,12-03-1998,Alm. Salg,8.291,4,Villa,120,1877,,Aktuel værdi
Vadestedet 17080 Børkop,rkop,1.292.000,08-03-1998,Alm. Salg,-,4,Stuehus,232,1887,,
Rønnevang 377080 Børkop,rkop,190.000,02-03-1998,Alm. Salg,1.472,4,Villa,129,1998,,Aktuel værdi
Bystedparken 457080 Børkop,rkop,114.800,26-02-1998,Alm. Salg,675,2,Villa,170,1998,,Aktuel værdi
Signesvej 37080 Børkop,rkop,1.019.000,24-02-1998,Alm. Salg,6.101,6,Villa,167,1973,,Aktuel værdi
Egevang 307080 Børkop,rkop,600.000,16-02-1998,Alm. Salg,3.125,9,Villa,192,1964,,Aktuel værdi
Olafsvej 47080 Børkop,rkop,1.250.000,16-02-1998,Alm. Salg,7.225,5,Villa,173,1975,,Aktuel værdi
Vognsvadvej 247080 Børkop,rkop,370.000,12-02-1998,Alm. Salg,2.569,5,Villa,144,1880,,Aktuel værdi
Vigen 507080 Børkop,rkop,615.000,11-02-1998,Alm. Salg,7.687,4,Sommerhus,80,1980,,Aktuel værdi
Overgaden 2C7080 Børkop,rkop,1.150.000,11-02-1998,Alm. Salg,9.504,3,Villa,121,1998,,Aktuel værdi
Overhøll 1197080 Børkop,rkop,550.000,10-02-1998,Alm. Salg,3.618,7,Villa,152,1964,,Aktuel værdi
Lodsvej 1207080 Børkop,rkop,1.800.000,06-02-1998,Alm. Salg,-,6,Villa,210,1910,,Aktuel værdi
Bøgevang 147080 Børkop,rkop,734.759,02-02-1998,Alm. Salg,5.102,4,Villa,144,1967,,Aktuel værdi
Rønnevang 117080 Børkop,rkop,694.237,01-02-1998,Fam. Salg,3.989,5,Villa,174,1998,,Aktuel værdi
Hvidkløvervej 37080 Børkop,rkop,323.000,30-01-1998,Fam. Salg,4.820,4,Sommerhus,67,1946,,Aktuel værdi
Bystedparken 397080 Børkop,rkop,107.700,26-01-1998,Alm. Salg,708,4,Villa,152,1998,,Aktuel værdi
Blåbærvej 187080 Børkop,rkop,200.000,20-01-1998,Fam. Salg,4.444,4,Sommerhus,45,1965,,Aktuel værdi
Andkær Bygade 237080 Børkop,rkop,388.000,19-01-1998,Alm. Salg,3.880,4,Villa,100,1880,,Aktuel værdi
Borggårdsparken 14A7080 Børkop,rkop,840.326,14-01-1998,Alm. Salg,7.307,5,Rækkehus,115,1991,,Aktuel værdi
Skovgårdsparken 837080 Børkop,rkop,1.291.000,13-01-1998,Alm. Salg,6.903,7,Villa,187,1981,,Aktuel værdi
Overgaden 167080 Børkop,rkop,675.000,08-01-1998,Alm. Salg,-,5,Villa,127,1963,,Aktuel værdi
Anemonevej 227080 Børkop,rkop,387.500,29-12-1997,Fam. Salg,7.598,3,Sommerhus,51,1990,,Aktuel værdi
Borggårdsparken 1227080 Børkop,rkop,762.000,22-12-1997,Alm. Salg,-,8,Villa,146,1981,,Aktuel værdi
Birkevang 22D7080 Børkop,rkop,215.000,22-12-1997,Alm. Salg,5.119,2,Rækkehus,42,1967,,Aktuel værdi
Hvidbjergvej 117B7080 Børkop,rkop,360.000,19-12-1997,Alm. Salg,-,4,Sommerhus,80,1976,,Aktuel værdi
Stationsvej 617080 Børkop,rkop,617.000,17-12-1997,Alm. Salg,-,5,Villa,215,1953,,Aktuel værdi
Bøgevang 27080 Børkop,rkop,710.000,15-12-1997,Alm. Salg,7.100,4,Villa,100,1966,,Aktuel værdi
Søndervænget 97080 Børkop,rkop,926.990,15-12-1997,Alm. Salg,7.724,3,Villa,120,1972,,Aktuel værdi
Stistedvej 1037080 Børkop,rkop,1.806.484,04-12-1997,Fam. Salg,6.765,7,Stuehus,267,1840,,
Marius Hansensvej 127080 Børkop,rkop,250.000,02-12-1997,Alm. Salg,2.906,3,Sommerhus,86,2005,,Aktuel værdi
Skovbyvej 337080 Børkop,rkop,1.442.000,27-11-1997,Alm. Salg,7.068,6,Villa,204,1973,,Aktuel værdi
Vestergade 207080 Børkop,rkop,706.000,24-11-1997,Alm. Salg,5.883,5,Villa,120,1872,,Aktuel værdi
Hvidbjergvej 287080 Børkop,rkop,240.000,19-11-1997,Alm. Salg,1.297,3,Villa,185,1948,,Aktuel værdi
Rønnevang 457080 Børkop,rkop,200.000,13-11-1997,Alm. Salg,1.398,4,Villa,143,1998,,Aktuel værdi
Hagenvej 127A7080 Børkop,rkop,1.398.420,13-11-1997,Alm. Salg,10.674,3,Villa,131,1852,,Aktuel værdi
Udsigten 117080 Børkop,rkop,694.000,12-11-1997,Alm. Salg,10.515,4,Sommerhus,66,1986,,Aktuel værdi
Sellerup Skovvej 1027080 Børkop,rkop,1.595.000,07-11-1997,Alm. Salg,9.219,5,Villa,173,1880,,Aktuel værdi
Bystedparken 437080 Børkop,rkop,107.700,03-11-1997,Alm. Salg,508,6,Villa,212,1998,,Aktuel værdi
Blåbærvej 27080 Børkop,rkop,355.000,31-10-1997,Alm. Salg,5.071,4,Sommerhus,70,1967,,Aktuel værdi
Hvidbjergvej 1237080 Børkop,rkop,344.915,26-10-1997,Fam. Salg,4.538,3,Sommerhus,76,1972,,Aktuel værdi
Spurvevænget 67080 Børkop,rkop,800.000,24-10-1997,Alm. Salg,9.411,4,Sommerhus,85,1974,,Aktuel værdi
Skolegade 147080 Børkop,rkop,850.000,20-10-1997,Alm. Salg,5.414,5,Villa,157,1912,,Aktuel værdi
Sellerup Strandvej 687080 Børkop,rkop,95.363,16-10-1997,Alm. Salg,843,5,Villa,113,1947,,Aktuel værdi
Strandhusvej 127080 Børkop,rkop,421.000,08-10-1997,Alm. Salg,6.682,4,Sommerhus,63,1953,,Aktuel værdi
Stationsvej 527080 Børkop,rkop,485.000,04-10-1997,Alm. Salg,4.575,5,Villa,106,1936,,Aktuel værdi
Fædrift 37080 Børkop,rkop,1.300.000,30-09-1997,Alm. Salg,4.626,5,Villa,281,2008,,Aktuel værdi
Hjortedalsvej 207080 Børkop,rkop,274.000,30-09-1997,Alm. Salg,2.584,2,Sommerhus,106,2007,,Aktuel værdi
Pjedstedvej 1157080 Børkop,rkop,204.000,29-09-1997,Alm. Salg,3.000,2,Villa,68,1878,,Aktuel værdi
Bystedparken 187080 Børkop,rkop,190.000,29-09-1997,Alm. Salg,1.386,4,Villa,137,1998,,Aktuel værdi
Hammervej 97080 Børkop,rkop,1.100.000,29-09-1997,Alm. Salg,7.692,5,Villa,143,1977,,Aktuel værdi
Blåbærvej 57080 Børkop,rkop,385.000,28-09-1997,Alm. Salg,4.873,3,Sommerhus,79,1961,,Aktuel værdi
Bjerget 87080 Børkop,rkop,580.000,27-09-1997,Alm. Salg,2.959,7,Villa,196,1827,,Aktuel værdi
Skovbyvej 727080 Børkop,rkop,860.000,24-09-1997,Fam. Salg,4.215,6,Stuehus,204,1926,,
Birkevej 117080 Børkop,rkop,297.000,21-09-1997,Alm. Salg,7.815,2,Sommerhus,38,1950,,Aktuel værdi
Lyngbakkevej 12B7080 Børkop,rkop,200.000,18-09-1997,Alm. Salg,3.448,3,Sommerhus,58,1950,,Aktuel værdi
Mamrelund 177080 Børkop,rkop,370.000,17-09-1997,Fam. Salg,3.894,3,Villa,95,1940,,Aktuel værdi
Bjerget 57080 Børkop,rkop,523.000,10-09-1997,Alm. Salg,8.301,3,Villa,63,2006,,Aktuel værdi
Stationsvej 107080 Børkop,rkop,547.000,03-09-1997,Alm. Salg,-,6,Villa,160,1904,,Aktuel værdi
Fjordvej 287080 Børkop,rkop,510.000,02-09-1997,Alm. Salg,-,3,Sommerhus,71,1957,,Aktuel værdi
Bjerrevænget 467080 Børkop,rkop,795.000,01-09-1997,Alm. Salg,6.625,4,Villa,120,1977,,Aktuel værdi
Lindevang 117080 Børkop,rkop,715.000,01-09-1997,Alm. Salg,6.383,4,Villa,112,1979,,Aktuel værdi
Stationsvej 717080 Børkop,rkop,1.100.000,29-08-1997,Alm. Salg,7.692,7,Villa,143,1960,,Aktuel værdi
"Brejning Søndergade 44, 1. 187080 Børkop",rkop,385.000,25-08-1997,Alm. Salg,5.422,2,Lejlighed,71,1979,,Aktuel værdi
Bystedvænget 77080 Børkop,rkop,1.012.000,22-08-1997,Alm. Salg,6.023,6,Villa,168,1972,,Aktuel værdi
Møllegade 117080 Børkop,rkop,357.500,21-08-1997,Alm. Salg,3.191,5,Villa,112,1912,,Aktuel værdi
Brejning Søndergade 267080 Børkop,rkop,600.000,20-08-1997,Alm. Salg,7.142,6,BygningTilKontor,84,1967,,Aktuel værdi
Skolegade 167080 Børkop,rkop,908.000,18-08-1997,Alm. Salg,8.730,5,Villa,104,1902,,Aktuel værdi
Gyvelvej 67080 Børkop,rkop,200.000,16-08-1997,Alm. Salg,-,2,Sommerhus,86,1965,,Aktuel værdi
Marius Hansensvej 187080 Børkop,rkop,610.000,14-08-1997,Alm. Salg,-,3,Sommerhus,73,1957,,Aktuel værdi
Blåbærvej 37080 Børkop,rkop,558.000,13-08-1997,Alm. Salg,6.975,4,Sommerhus,80,1978,,Aktuel værdi
Kirstinesvej 207080 Børkop,rkop,582.000,08-08-1997,Alm. Salg,11.192,4,Sommerhus,52,1975,,Aktuel værdi
Mølletoften 38A7080 Børkop,rkop,1.210.000,03-08-1997,Alm. Salg,5.525,8,Villa,219,1972,,Aktuel værdi
Hvidbjergvej 1117080 Børkop,rkop,272.000,01-08-1997,Fam. Salg,5.230,3,Sommerhus,52,1950,,Aktuel værdi
Lilholtparken 177080 Børkop,rkop,170.000,31-07-1997,Alm. Salg,885,4,Villa,192,1998,,Aktuel værdi
Pindvej 107080 Børkop,rkop,430.000,30-07-1997,Alm. Salg,8.269,3,Sommerhus,52,1968,,Aktuel værdi
Mølletoften 447080 Børkop,rkop,873.000,30-07-1997,Alm. Salg,6.235,4,Villa,140,1973,,Aktuel værdi
Anemonevej 157080 Børkop,rkop,250.000,22-07-1997,Alm. Salg,6.250,3,Sommerhus,40,1962,,Aktuel værdi
Frits Nielsensvej 117080 Børkop,rkop,565.000,22-07-1997,Alm. Salg,-,4,Sommerhus,71,1970,,Aktuel værdi
Rønnevang 237080 Børkop,rkop,185.000,18-07-1997,Alm. Salg,1.178,6,Villa,157,1997,,Aktuel værdi
Hvidbjergvej 537080 Børkop,rkop,430.000,17-07-1997,Alm. Salg,9.148,3,Sommerhus,47,1952,,Aktuel værdi
Lilholtparken 67080 Børkop,rkop,170.000,17-07-1997,Alm. Salg,1.197,5,Villa,142,1998,,Aktuel værdi
Fjordvej 227080 Børkop,rkop,335.000,14-07-1997,Alm. Salg,3.806,4,Sommerhus,88,2007,,Aktuel værdi
Hvidbjergvej 137080 Børkop,rkop,990.000,12-07-1997,Alm. Salg,4.479,8,Villa,221,1965,,Aktuel værdi
Fuglebakken 147080 Børkop,rkop,387.320,10-07-1997,Alm. Salg,5.533,3,Sommerhus,70,2001,,Aktuel værdi
Rønnevang 277080 Børkop,rkop,185.000,08-07-1997,Alm. Salg,1.016,5,Villa,182,1998,,Aktuel værdi
Bøgevang 57080 Børkop,rkop,660.000,07-07-1997,Alm. Salg,6.534,4,Villa,101,1965,,Aktuel værdi
Lilholtparken 157080 Børkop,rkop,190.000,07-07-1997,Alm. Salg,1.301,4,Villa,146,1998,,Aktuel værdi
Jakobsvej 37080 Børkop,rkop,709.000,07-07-1997,Alm. Salg,-,6,Villa,154,1964,,Aktuel værdi
Anemonevej 247080 Børkop,rkop,825.000,04-07-1997,Alm. Salg,-,3,Sommerhus,91,1947,,Aktuel værdi
Bjerrisgårdsvej 127080 Børkop,rkop,385.000,30-06-1997,Alm. Salg,7.000,3,Sommerhus,55,1960,,Aktuel værdi
Mølletoften 67080 Børkop,rkop,871.000,25-06-1997,Alm. Salg,-,6,Villa,183,1969,,Aktuel værdi
Toftumvej 177080 Børkop,rkop,1.326.318,19-06-1997,Fam. Salg,9.611,5,Stuehus,138,1916,,
Bystedparken 157080 Børkop,rkop,107.700,12-06-1997,Alm. Salg,803,4,Villa,134,1998,,Aktuel værdi
Brejning Strand 1057080 Børkop,rkop,545.000,09-06-1997,Fam. Salg,2.838,5,Villa,192,1936,,Aktuel værdi
Hvidbjerghusvej 27080 Børkop,rkop,545.000,03-06-1997,Alm. Salg,8.134,3,Sommerhus,67,1985,,Aktuel værdi
Borgergade 187080 Børkop,rkop,664.000,02-06-1997,Alm. Salg,3.531,6,Villa,188,1914,,Aktuel værdi
Bøgevang 217080 Børkop,rkop,725.000,22-05-1997,Alm. Salg,7.397,4,Villa,98,1964,,Aktuel værdi
Dagmarsvej 137080 Børkop,rkop,145.000,13-05-1997,Fam. Salg,986,4,Villa,147,1997,,Aktuel værdi
Lilholtparken 37080 Børkop,rkop,170.000,12-05-1997,Alm. Salg,-,5,Villa,183,1997,,Aktuel værdi
Lilholtparken 57080 Børkop,rkop,170.000,12-05-1997,Alm. Salg,1.268,4,Villa,134,1997,,Aktuel værdi
Mads Madsens Vænge 437080 Børkop,rkop,450.000,09-05-1997,Alm. Salg,7.500,4,Sommerhus,60,1965,,Aktuel værdi
Munkedalen 127080 Børkop,rkop,909.000,09-05-1997,Alm. Salg,5.826,3,Villa,156,1971,,Aktuel værdi
Ouskær 287080 Børkop,rkop,1.424.600,08-05-1997,Alm. Salg,-,8,Villa,406,1877,,Aktuel værdi
Sellerup Skovvej 1167080 Børkop,rkop,565.000,07-05-1997,Fam. Salg,4.631,6,Landbrug,122,1912,,Aktuel værdi
Stationsvej 247080 Børkop,rkop,585.000,05-05-1997,Alm. Salg,6.290,3,Villa,93,1930,,Aktuel værdi
Bystedparken 237080 Børkop,rkop,124.800,02-05-1997,Alm. Salg,729,6,Villa,171,1999,,Aktuel værdi
Møllegade 177080 Børkop,rkop,399.000,01-05-1997,Alm. Salg,2.541,4,Villa,157,1929,,Aktuel værdi
Høllvej 97080 Børkop,rkop,225.250,28-04-1997,Andet,1.511,3,Villa,149,1862,,Aktuel værdi
Lilholtparken 117080 Børkop,rkop,190.000,28-04-1997,Alm. Salg,1.275,4,Villa,149,1997,,Aktuel værdi
Lilholtparken 127080 Børkop,rkop,1.503.290,28-04-1997,Alm. Salg,10.815,3,Villa,139,1997,,Aktuel værdi
Enghavevej 27080 Børkop,rkop,895.000,22-04-1997,Alm. Salg,-,6,Villa,191,1618,,Aktuel værdi
Bystedparken 477080 Børkop,rkop,124.800,18-04-1997,Alm. Salg,789,6,Villa,158,1997,,Aktuel værdi
Bystedparken 517080 Børkop,rkop,96.600,18-04-1997,Alm. Salg,657,3,Villa,147,1997,,Aktuel værdi
Gårslev Østergade 97080 Børkop,rkop,150.000,16-04-1997,Alm. Salg,1.006,4,Villa,149,1999,,Aktuel værdi
Hvidbjerghusvej 127080 Børkop,rkop,711.000,15-04-1997,Alm. Salg,7.255,5,Sommerhus,98,1945,,Aktuel værdi
Sellerupvej 197080 Børkop,rkop,540.000,14-04-1997,Alm. Salg,4.821,4,Villa,112,1950,,Aktuel værdi
Slåenvej 87080 Børkop,rkop,640.000,14-04-1997,Alm. Salg,5.333,4,Villa,120,1968,,Aktuel værdi
Andkær Bygade 227080 Børkop,rkop,694.000,08-04-1997,Alm. Salg,-,5,Villa,213,1870,,Aktuel værdi
Lilholtparken 267080 Børkop,rkop,210.000,07-04-1997,Alm. Salg,1.280,6,Villa,164,1998,,Aktuel værdi
Lilholtparken 197080 Børkop,rkop,170.000,02-04-1997,Alm. Salg,1.125,5,Villa,151,1997,,Aktuel værdi
Marius Hansensvej 107080 Børkop,rkop,750.000,31-03-1997,Alm. Salg,7.978,4,Sommerhus,94,1965,,Aktuel værdi
Tværvej 87080 Børkop,rkop,460.000,26-03-1997,Fam. Salg,7.666,3,Sommerhus,60,1994,,Aktuel værdi
Mads Madsens Vænge 197080 Børkop,rkop,195.000,25-03-1997,Alm. Salg,3.545,2,Sommerhus,55,1968,,Aktuel værdi
Dortheasvej 167080 Børkop,rkop,625.458,20-03-1997,Alm. Salg,-,8,Villa,204,1968,,Aktuel værdi
Birkevej 27080 Børkop,rkop,550.000,13-03-1997,Alm. Salg,8.593,4,Sommerhus,64,1984,,Aktuel værdi
Poppelvang 17080 Børkop,rkop,580.000,25-02-1997,Fam. Salg,5.742,4,Villa,101,1968,,Aktuel værdi
Dagmarsvej 37080 Børkop,rkop,145.000,24-02-1997,Alm. Salg,889,4,Villa,163,1997,,Aktuel værdi
Bystedparken 137080 Børkop,rkop,124.800,24-02-1997,Alm. Salg,685,5,Villa,182,1997,,Aktuel værdi
Lilholtparken 207080 Børkop,rkop,190.000,23-02-1997,Alm. Salg,1.357,3,Villa,140,1997,,Aktuel værdi
Mads Madsens Vænge 257080 Børkop,rkop,474.030,19-02-1997,Alm. Salg,6.771,3,Sommerhus,70,1965,,Aktuel værdi
Sellerup Strandvej 507080 Børkop,rkop,115.000,14-02-1997,Fam. Salg,1.916,4,Sommerhus,60,1937,,Aktuel værdi
Fjordparken 107080 Børkop,rkop,405.000,10-02-1997,Alm. Salg,4.879,4,Sommerhus,83,1976,,Aktuel værdi
Baldersvej 27080 Børkop,rkop,695.000,10-02-1997,Alm. Salg,7.091,3,Rækkehus,98,1978,,Aktuel værdi
Bygballevej 1017080 Børkop,rkop,700.000,30-01-1997,Alm. Salg,3.535,5,Villa,198,1923,,Aktuel værdi
Sellerup Bagvej 57080 Børkop,rkop,265.000,30-01-1997,Alm. Salg,1.358,8,Villa,195,1858,,Aktuel værdi
Skikballevej 27080 Børkop,rkop,289.000,29-01-1997,Fam. Salg,2.627,3,Villa,110,1925,,Aktuel værdi
Gårslev Østergade 187080 Børkop,rkop,241.880,28-01-1997,Alm. Salg,1.601,5,Villa,151,2014,,Aktuel værdi
Bystedvej 97080 Børkop,rkop,1.018.000,28-01-1997,Alm. Salg,5.064,5,Villa,201,1972,,Aktuel værdi
Bystedvænget 197080 Børkop,rkop,725.000,27-01-1997,Alm. Salg,5.253,5,Villa,138,1975,,Aktuel værdi
Hybenvej 217080 Børkop,rkop,825.000,24-01-1997,Alm. Salg,4.714,6,Villa,175,1969,,Aktuel værdi
Børkop Skovvej 1217080 Børkop,rkop,130.000,22-01-1997,Alm. Salg,1.756,2,Sommerhus,74,1998,,Aktuel værdi
Søndergade 8B7080 Børkop,rkop,600.000,16-01-1997,Alm. Salg,5.000,3,Villa,120,1905,,Aktuel værdi
Vigen 967080 Børkop,rkop,1.099.000,30-12-1996,Alm. Salg,5.111,6,Villa,215,1877,,Aktuel værdi
Rønnevang 177080 Børkop,rkop,270.000,19-12-1996,Alm. Salg,1.250,5,Villa,216,1997,,Aktuel værdi
Brejning Søndergade 207080 Børkop,rkop,429.741,19-12-1996,Fam. Salg,3.736,4,Villa,115,1955,,Aktuel værdi
Bystedvej 107080 Børkop,rkop,720.000,10-12-1996,Alm. Salg,4.645,4,Villa,155,1961,,Aktuel værdi
Lilholtparken 187080 Børkop,rkop,210.000,09-12-1996,Alm. Salg,1.458,4,Villa,144,1997,,Aktuel værdi
Munkevej 37080 Børkop,rkop,515.000,05-12-1996,Fam. Salg,3.843,4,Villa,134,1854,,Aktuel værdi
Falkevej 67080 Børkop,rkop,794.000,02-12-1996,Alm. Salg,6.728,4,Villa,118,1973,,Aktuel værdi
Vestergade 177080 Børkop,rkop,1.250.000,02-12-1996,Alm. Salg,8.928,5,Villa,140,1927,,Aktuel værdi
Skovbyvej 907080 Børkop,rkop,907.000,30-11-1996,Alm. Salg,-,4,Stuehus,200,1900,,
Rønnevang 197080 Børkop,rkop,185.000,27-11-1996,Alm. Salg,1.022,5,Villa,181,1997,,Aktuel værdi
Skolegade 17080 Børkop,rkop,578.000,18-11-1996,Alm. Salg,4.737,8,BygningTilHandel,122,1902,,Aktuel værdi
Solsortevej 47080 Børkop,rkop,1.233.000,14-11-1996,Alm. Salg,6.165,5,Villa,200,1976,,Aktuel værdi
Borggårdsparken 317080 Børkop,rkop,775.000,11-11-1996,Alm. Salg,6.200,5,Villa,125,1979,,Aktuel værdi
Rodskovvej 37080 Børkop,rkop,340.000,28-10-1996,Alm. Salg,2.361,5,Villa,144,1932,,Aktuel værdi
Munkedalen 277080 Børkop,rkop,595.000,28-10-1996,Alm. Salg,5.613,4,Villa,106,1973,,Aktuel værdi
Bjerrevænget 407080 Børkop,rkop,745.000,24-10-1996,Alm. Salg,5.643,5,Villa,132,1977,,Aktuel værdi
Houkærgyden 67080 Børkop,rkop,601.839,10-10-1996,Alm. Salg,5.015,5,Villa,120,1969,,Aktuel værdi
Lilholtparken 247080 Børkop,rkop,190.000,10-10-1996,Alm. Salg,1.310,4,Villa,145,1997,,Aktuel værdi
Sellerupvej 367080 Børkop,rkop,540.000,03-10-1996,Alm. Salg,4.909,4,Villa,110,1966,,Aktuel værdi
Lilholtparken 87080 Børkop,rkop,190.000,30-09-1996,Alm. Salg,867,5,Villa,219,1998,,Aktuel værdi
Merkurvej 47080 Børkop,rkop,627.000,30-09-1996,Alm. Salg,5.139,5,Villa,122,1970,,Aktuel værdi
Frits Nielsensvej 127080 Børkop,rkop,182.509,30-09-1996,Fam. Salg,2.765,3,Sommerhus,66,1966,,Aktuel værdi
Overgaden 187080 Børkop,rkop,478.000,28-09-1996,Alm. Salg,4.732,3,Villa,101,1900,,Aktuel værdi
Lavbolsvej 1027080 Børkop,rkop,1.180.000,25-09-1996,Alm. Salg,4.916,7,Villa,240,1872,,Aktuel værdi
Vigen 587080 Børkop,rkop,95.000,23-09-1996,Alm. Salg,2.375,2,Sommerhus,40,1950,,Aktuel værdi
Vestergade 21C7080 Børkop,rkop,666.000,20-09-1996,Alm. Salg,7.928,3,Rækkehus,84,1993,,Aktuel værdi
Kirstinesvej 37080 Børkop,rkop,385.000,20-09-1996,Alm. Salg,6.209,3,Sommerhus,62,1980,,Aktuel værdi
Bystedvænget 57080 Børkop,rkop,906.400,18-09-1996,Alm. Salg,4.028,6,Villa,225,1971,,Aktuel værdi
Vestergade 21D7080 Børkop,rkop,610.000,16-09-1996,Alm. Salg,7.261,3,Rækkehus,84,1993,,Aktuel værdi
Frits Nielsensvej 17080 Børkop,rkop,461.000,13-09-1996,Alm. Salg,4.852,4,Sommerhus,95,1973,,Aktuel værdi
Krokusvej 37080 Børkop,rkop,331.500,12-09-1996,Fam. Salg,6.254,3,Sommerhus,53,1975,,Aktuel værdi
Kirkegade 277080 Børkop,rkop,533.904,10-09-1996,Andet,2.824,7,Villa,189,1965,,Aktuel værdi
Munkebakken 27080 Børkop,rkop,757.000,07-09-1996,Alm. Salg,5.368,5,Villa,141,1973,,Aktuel værdi
Skolegade 77080 Børkop,rkop,670.000,04-09-1996,Alm. Salg,3.872,6,Villa,173,1896,,Aktuel værdi
Lyngbakkevej 147080 Børkop,rkop,514.000,04-09-1996,Alm. Salg,6.425,4,Sommerhus,80,1980,,Aktuel værdi
Fjordvej 87080 Børkop,rkop,405.000,02-09-1996,Alm. Salg,6.639,3,Sommerhus,61,2015,,Aktuel værdi
Anemonevej 137080 Børkop,rkop,350.000,01-09-1996,Alm. Salg,5.000,3,Sommerhus,70,1947,,Aktuel værdi
Mølletoften 117080 Børkop,rkop,400.000,29-08-1996,Alm. Salg,-,5,Villa,217,1918,,Aktuel værdi
Bjerrevænget 77080 Børkop,rkop,585.000,26-08-1996,Alm. Salg,4.756,5,Villa,123,1978,,Aktuel værdi
Lilholtparken 97080 Børkop,rkop,170.000,22-08-1996,Alm. Salg,762,4,Villa,223,1996,,Aktuel værdi
Bystedparken 17080 Børkop,rkop,124.800,20-08-1996,Alm. Salg,945,4,Villa,132,1997,,Aktuel værdi
Lærkevej 147080 Børkop,rkop,580.000,12-08-1996,Alm. Salg,5.370,3,Villa,108,1969,,Aktuel værdi
Overbyparken 27080 Børkop,rkop,316.500,08-08-1996,Alm. Salg,2.877,6,Villa,110,1934,,Aktuel værdi
Bystedparken 57080 Børkop,rkop,124.800,05-08-1996,Alm. Salg,681,6,Villa,183,1997,,Aktuel værdi
Korsdalsvej 207080 Børkop,rkop,3.115.000,01-08-1996,Fam. Salg,12.611,9,Stuehus,247,1881,,
Lilholtparken 167080 Børkop,rkop,210.000,30-07-1996,Alm. Salg,1.363,4,Villa,154,1997,,Aktuel værdi
Saturnvej 87080 Børkop,rkop,527.000,30-07-1996,Alm. Salg,-,3,Villa,175,1973,,Aktuel værdi
Toftumvej 147080 Børkop,rkop,610.650,30-07-1996,Alm. Salg,3.430,4,Villa,178,1900,,Aktuel værdi
Hvidbjergvej 187080 Børkop,rkop,1.100.000,25-07-1996,Alm. Salg,5.213,8,Villa,211,1929,,Aktuel værdi
Lilholtparken 287080 Børkop,rkop,210.000,23-07-1996,Alm. Salg,789,5,Villa,266,1997,,Aktuel værdi
Industrivej 267080 Børkop,rkop,1.130.000,23-07-1996,Alm. Salg,7.635,5,Villa,148,1981,,Aktuel værdi
Dagmarsvej 57080 Børkop,rkop,145.000,22-07-1996,Alm. Salg,1.090,4,Villa,133,1996,,Aktuel værdi
Becksvej 267080 Børkop,rkop,694.000,19-07-1996,Alm. Salg,-,2,Sommerhus,65,1955,,Aktuel værdi
Dagmarsvej 317080 Børkop,rkop,145.000,16-07-1996,Alm. Salg,801,6,Villa,181,1996,,Aktuel værdi
Andkær Bygade 13A7080 Børkop,rkop,90.000,14-07-1996,Alm. Salg,588,6,Villa,153,1996,,Aktuel værdi
Enggade 17080 Børkop,rkop,520.000,02-07-1996,Fam. Salg,3.151,5,Villa,165,1910,,Aktuel værdi
Borgergade 107080 Børkop,rkop,517.000,28-06-1996,Alm. Salg,3.335,6,Villa,155,1931,,Aktuel værdi
Stationsvej 197080 Børkop,rkop,575.000,27-06-1996,Alm. Salg,-,3,Villa,130,1938,,Aktuel værdi
Skovbyvej 57080 Børkop,rkop,604.000,24-06-1996,Alm. Salg,3.682,5,Villa,164,1914,,Aktuel værdi
Overgaden 277080 Børkop,rkop,560.531,22-06-1996,Alm. Salg,3.865,6,Villa,145,1955,,Aktuel værdi
Andkær Bygade 167080 Børkop,rkop,625.000,20-06-1996,Alm. Salg,4.464,6,Villa,140,1920,,Aktuel værdi
Dagmarsvej 337080 Børkop,rkop,145.000,10-06-1996,Alm. Salg,923,5,Villa,157,1996,,Aktuel værdi
Niels Pedersensvej 287080 Børkop,rkop,740.000,08-06-1996,Alm. Salg,6.271,3,Sommerhus,118,1965,,Aktuel værdi
Mads Madsens Vænge 147080 Børkop,rkop,520.200,08-06-1996,Alm. Salg,9.458,3,Sommerhus,55,1969,,Aktuel værdi
Borggårdsparken 457080 Børkop,rkop,660.000,24-05-1996,Alm. Salg,-,4,Villa,117,1981,,Aktuel værdi
Krogbuskevej 1367080 Børkop,rkop,1.116.000,19-05-1996,Alm. Salg,5.264,7,Villa,212,1975,,Aktuel værdi
Ved Hegnet 227080 Børkop,rkop,328.000,12-05-1996,Alm. Salg,6.833,2,Sommerhus,48,1944,,Aktuel værdi
Hasseltoften 77080 Børkop,rkop,245.000,10-05-1996,Alm. Salg,2.752,3,Sommerhus,89,1997,,Aktuel værdi
Nørrelyst 47080 Børkop,rkop,500.000,08-05-1996,Alm. Salg,-,4,Villa,98,1962,,Aktuel værdi
Bjerget 77080 Børkop,rkop,1.018.800,03-05-1996,Alm. Salg,5.821,7,Villa,175,1867,,Aktuel værdi
Vandværksvej 207080 Børkop,rkop,1.085.000,01-05-1996,Alm. Salg,5.771,6,Villa,188,1981,,Aktuel værdi
Bøgevang 87080 Børkop,rkop,401.500,01-05-1996,Fam. Salg,4.015,4,Villa,100,1967,,Aktuel værdi
Gormsvej 87080 Børkop,rkop,929.000,30-04-1996,Alm. Salg,6.032,6,Villa,154,1972,,Aktuel værdi
"Brejning Søndergade 44, 1. 47080 Børkop",rkop,202.316,30-04-1996,Fam. Salg,2.849,2,Lejlighed,71,1979,,Aktuel værdi
Stationsvej 2A7080 Børkop,rkop,525.000,29-04-1996,Alm. Salg,5.048,2,Villa,104,1965,,Aktuel værdi
Anemonevej 107080 Børkop,rkop,728.125,25-04-1996,Alm. Salg,9.974,3,Sommerhus,73,2005,,Aktuel værdi
Skovbyvej 927080 Børkop,rkop,498.000,24-04-1996,Alm. Salg,-,6,Villa,227,1910,,Aktuel værdi
Bjergstien 127080 Børkop,rkop,263.500,19-04-1996,Fam. Salg,8.783,2,Sommerhus,30,1951,,Aktuel værdi
Mølle Skovvej 1027080 Børkop,rkop,430.000,19-04-1996,Alm. Salg,-,5,Villa,120,1877,,Aktuel værdi
Hvidbjergvej 97C7080 Børkop,rkop,259.000,19-04-1996,Alm. Salg,3.278,4,Sommerhus,79,1996,,Aktuel værdi
Brejning Søndergade 257080 Børkop,rkop,390.000,12-04-1996,Alm. Salg,-,5,Villa,137,1937,,Aktuel værdi
Skovgårdsparken 227080 Børkop,rkop,965.000,04-04-1996,Alm. Salg,6.892,5,Villa,140,1977,,Aktuel værdi
Børkop Skovvej 1197080 Børkop,rkop,100.000,26-03-1996,Alm. Salg,781,4,Sommerhus,128,2008,,Aktuel værdi
Niels Pedersensvej 367080 Børkop,rkop,476.000,25-03-1996,Alm. Salg,5.118,6,Sommerhus,93,1949,,Aktuel værdi
Mejsevej 107080 Børkop,rkop,965.000,24-03-1996,Alm. Salg,5.482,6,Villa,176,1973,,Aktuel værdi
Ryttergrøftsvejen 330B7080 Børkop,rkop,660.500,14-03-1996,Fam. Salg,4.493,6,Stuehus,147,2008,,
Overhøll 1207080 Børkop,rkop,1.785.600,07-03-1996,Fam. Salg,10.031,5,Stuehus,178,1980,,
Udsigten 47080 Børkop,rkop,175.000,04-03-1996,Andet,2.500,4,Sommerhus,70,2007,,Aktuel værdi
Trinesvej 37080 Børkop,rkop,284.000,02-03-1996,Alm. Salg,5.259,3,Sommerhus,54,1957,,Aktuel værdi
Sommerstien 287080 Børkop,rkop,246.499,20-02-1996,Alm. Salg,3.376,4,Sommerhus,73,2005,,Aktuel værdi
Pjedstedvej 1127080 Børkop,rkop,1.225.000,18-02-1996,Alm. Salg,7.335,5,Stuehus,167,1820,,
Randsborgvænget 17080 Børkop,rkop,635.000,08-02-1996,Alm. Salg,6.684,4,Sommerhus,95,1968,,Aktuel værdi
Vognsvadvej 167080 Børkop,rkop,350.000,24-01-1996,Alm. Salg,4.666,3,Villa,75,1900,,Aktuel værdi
Brejning Søndergade 277080 Børkop,rkop,560.000,15-01-1996,Alm. Salg,5.833,4,Villa,96,1935,,Aktuel værdi
Dortheasvej 127080 Børkop,rkop,810.000,11-01-1996,Alm. Salg,4.909,6,Villa,165,1968,,Aktuel værdi
Dagmarsvej 457080 Børkop,rkop,150.000,02-01-1996,Alm. Salg,1.119,4,Villa,134,1996,,Aktuel værdi
Båskærvej 307080 Børkop,rkop,382.500,29-12-1995,Fam. Salg,5.543,4,Sommerhus,69,1913,,Aktuel værdi
Fasanvej 67080 Børkop,rkop,895.000,19-12-1995,Alm. Salg,3.653,7,Villa,245,1968,,Aktuel værdi
Marius Hansensvej 117080 Børkop,rkop,209.865,11-12-1995,Fam. Salg,1.793,3,Sommerhus,117,2013,,Aktuel værdi
Hagenvej 1147080 Børkop,rkop,875.000,11-12-1995,Fam. Salg,5.303,6,Villa,165,1904,,Aktuel værdi
Krogen 57080 Børkop,rkop,575.000,05-12-1995,Alm. Salg,5.989,3,Villa,96,1957,,Aktuel værdi
Stationsvej 157080 Børkop,rkop,455.000,19-11-1995,Alm. Salg,3.527,5,Villa,129,1920,,Aktuel værdi
Duevej 87080 Børkop,rkop,573.418,11-11-1995,Alm. Salg,7.167,3,Sommerhus,80,1959,,Aktuel værdi
Børkop Skovvej 1017080 Børkop,rkop,891.804,10-11-1995,Fam. Salg,3.669,6,Villa,243,1917,,Aktuel værdi
Dagmarsvej 417080 Børkop,rkop,150.000,01-11-1995,Alm. Salg,1.119,3,Villa,134,1997,,Aktuel værdi
Brejning Vestergade 187080 Børkop,rkop,213.000,29-10-1995,Fam. Salg,2.448,2,Villa,87,1952,,Aktuel værdi
Søndervænget 287080 Børkop,rkop,707.180,27-10-1995,Alm. Salg,4.419,4,Villa,160,1973,,Aktuel værdi
Brejning Søndergade 127080 Børkop,rkop,560.720,25-10-1995,Alm. Salg,-,4,Villa,152,1947,,Aktuel værdi
Oskar Hansens Vænge 107080 Børkop,rkop,625.000,13-10-1995,Alm. Salg,-,6,Villa,134,1977,,Aktuel værdi
Kildevej 57080 Børkop,rkop,500.000,09-10-1995,Alm. Salg,7.042,4,Sommerhus,71,2003,,Aktuel værdi
Toftumvej 37080 Børkop,rkop,65.000,06-10-1995,Alm. Salg,-,4,Villa,177,1916,,Aktuel værdi
"Brejning Søndergade 44, 1. 127080 Børkop",rkop,272.500,02-10-1995,Alm. Salg,3.838,3,Lejlighed,71,1979,,Aktuel værdi
Lilholtvej 1087080 Børkop,rkop,250.000,29-09-1995,Alm. Salg,-,5,Villa,158,1965,,Aktuel værdi
Hvidbjergvej 97A7080 Børkop,rkop,580.000,25-09-1995,Alm. Salg,6.666,3,Villa,87,1897,,Aktuel værdi
Duevej 37080 Børkop,rkop,725.000,23-09-1995,Alm. Salg,12.083,3,Sommerhus,60,1991,,Aktuel værdi
Svinget 37080 Børkop,rkop,380.000,21-09-1995,Alm. Salg,6.551,2,Sommerhus,58,1999,,Aktuel værdi
Stoffersvej 57080 Børkop,rkop,178.500,13-09-1995,Fam. Salg,3.880,3,Sommerhus,46,1960,,Aktuel værdi
Munkevej 227080 Børkop,rkop,525.000,11-09-1995,Alm. Salg,-,7,Villa,184,1976,,Aktuel værdi
Olafsvej 227080 Børkop,rkop,760.000,08-09-1995,Alm. Salg,5.352,6,Villa,142,1974,,Aktuel værdi
Randsborgvej 127080 Børkop,rkop,320.000,23-08-1995,Alm. Salg,5.079,3,Sommerhus,63,1941,,Aktuel værdi
Kirkegade 297080 Børkop,rkop,536.000,14-08-1995,Alm. Salg,4.660,4,Villa,115,1965,,Aktuel værdi
Borggårdsparken 907080 Børkop,rkop,910.000,14-08-1995,Alm. Salg,4.840,8,Villa,188,1979,,Aktuel værdi
Stationsvej 187080 Børkop,rkop,350.000,11-08-1995,Alm. Salg,3.500,5,Villa,100,1907,,Aktuel værdi
Folmersvej 77080 Børkop,rkop,333.000,10-08-1995,Alm. Salg,4.500,3,Sommerhus,74,2009,,Aktuel værdi
Overgaden 357080 Børkop,rkop,219.137,09-08-1995,Alm. Salg,1.565,4,Villa,140,1976,,Aktuel værdi
Andkær Mose 1027080 Børkop,rkop,470.463,08-08-1995,Alm. Salg,6.272,3,Villa,75,1900,,Aktuel værdi
Dagmarsvej 157080 Børkop,rkop,145.000,31-07-1995,Alm. Salg,1.035,6,Villa,140,1995,,Aktuel værdi
Hybenvej 197080 Børkop,rkop,795.000,27-07-1995,Alm. Salg,5.129,5,Villa,155,1971,,Aktuel værdi
Fyrstien 17080 Børkop,rkop,199.000,25-07-1995,Alm. Salg,4.975,3,Sommerhus,40,2003,,Aktuel værdi
Kirstinesvej 167080 Børkop,rkop,430.000,24-07-1995,Alm. Salg,6.056,4,Sommerhus,71,1980,,Aktuel værdi
Andkær Bygade 147080 Børkop,rkop,780.000,22-07-1995,Alm. Salg,2.532,6,Villa,308,1877,,Aktuel værdi
Vigen 147080 Børkop,rkop,205.000,06-07-1995,Alm. Salg,3.867,2,Sommerhus,53,1958,,Aktuel værdi
Borlevvej 27080 Børkop,rkop,280.000,29-06-1995,Alm. Salg,-,2,Sommerhus,72,1942,,Aktuel værdi
Brejning Søndergade 147080 Børkop,rkop,510.000,28-06-1995,Alm. Salg,5.543,3,Villa,92,1958,,Aktuel værdi
Hyldevej 37080 Børkop,rkop,310.000,27-06-1995,Alm. Salg,2.152,5,Villa,144,1969,,Aktuel værdi
Munkevej 117080 Børkop,rkop,545.000,25-06-1995,Alm. Salg,-,4,Villa,126,1964,,Aktuel værdi
Hvidbjergvej 897080 Børkop,rkop,247.000,24-06-1995,Alm. Salg,4.410,3,Sommerhus,56,1915,,Aktuel værdi
Rosenstien 57080 Børkop,rkop,450.000,23-06-1995,Alm. Salg,4.687,3,Sommerhus,96,1935,,Aktuel værdi
Vinkelvej 37080 Børkop,rkop,540.000,18-06-1995,Alm. Salg,2.410,9,Villa,224,1928,,Aktuel værdi
Munkehegnet 137080 Børkop,rkop,664.000,16-06-1995,Alm. Salg,-,6,Villa,191,1972,,Aktuel værdi
"Brejning Søndergade 1, 17080 Børkop",rkop,1.243.333,15-06-1995,Alm. Salg,8.179,5,Lejlighed,152,1932,,Aktuel værdi
Gårslev Østergade 267080 Børkop,rkop,431.000,14-06-1995,Alm. Salg,4.066,4,Villa,106,1966,,Aktuel værdi
Fædrift 47080 Børkop,rkop,1.100.000,31-05-1995,Fam. Salg,6.145,6,Stuehus,179,1800,,
Mads Madsens Vænge 237080 Børkop,rkop,325.000,31-05-1995,Alm. Salg,7.222,3,Sommerhus,45,1964,,Aktuel værdi
Stationsvej 737080 Børkop,rkop,545.000,29-05-1995,Alm. Salg,2.883,7,Villa,189,1946,,Aktuel værdi
Sellerup Strandvej 87080 Børkop,rkop,350.000,29-05-1995,Alm. Salg,-,4,Sommerhus,117,1996,,Aktuel værdi
Sct. Jørgens Parken 77080 Børkop,rkop,1.037.000,27-05-1995,Alm. Salg,6.867,5,Villa,151,1984,,Aktuel værdi
Kildevej 47080 Børkop,rkop,1.130.000,26-05-1995,Alm. Salg,16.376,4,Sommerhus,69,1991,,Aktuel værdi
Rønnealle 27080 Børkop,rkop,120.000,25-05-1995,Fam. Salg,2.000,3,Sommerhus,60,2006,,Aktuel værdi
Grønningen 67080 Børkop,rkop,375.000,24-05-1995,Alm. Salg,-,3,Sommerhus,51,1967,,Aktuel værdi
Fuglebakken 247080 Børkop,rkop,298.000,22-05-1995,Alm. Salg,3.348,5,Sommerhus,89,1970,,Aktuel værdi
Stationsvej 637080 Børkop,rkop,547.000,18-05-1995,Alm. Salg,6.215,3,Villa,88,1984,,Aktuel værdi
Hvidbjerghusvej 37080 Børkop,rkop,692.000,15-05-1995,Alm. Salg,6.234,4,Sommerhus,111,1972,,Aktuel værdi
Tornvadshavevej 1207080 Børkop,rkop,455.000,11-05-1995,Alm. Salg,6.500,3,Villa,70,1949,,Aktuel værdi
Borggårdsparken 417080 Børkop,rkop,700.000,11-05-1995,Alm. Salg,3.888,4,Villa,180,1979,,Aktuel værdi
Hasseltoften 127080 Børkop,rkop,469.000,11-05-1995,Alm. Salg,7.444,4,Sommerhus,63,1973,,Aktuel værdi
Høgevej 47080 Børkop,rkop,1.200.000,07-05-1995,Alm. Salg,5.714,6,Villa,210,1973,,Aktuel værdi
Dagmarsvej 197080 Børkop,rkop,145.000,03-05-1995,Alm. Salg,1.013,5,Villa,143,1995,,Aktuel værdi
Sellerup Vangvej 1307080 Børkop,rkop,325.000,29-04-1995,Alm. Salg,4.779,2,Villa,68,1939,,Aktuel værdi
Borggårdsparken 12B7080 Børkop,rkop,572.000,20-04-1995,Alm. Salg,6.426,3,Rækkehus,89,1989,,Aktuel værdi
Vigen 647080 Børkop,rkop,240.000,07-04-1995,Alm. Salg,6.857,3,Sommerhus,35,1982,,Aktuel værdi
Engdraget 37080 Børkop,rkop,420.000,30-03-1995,Alm. Salg,3.652,4,Villa,115,1967,,Aktuel værdi
Høllsmindevej 207080 Børkop,rkop,110.000,27-03-1995,Alm. Salg,2.750,4,Sommerhus,40,1951,,Aktuel værdi
Skovbrynet 77080 Børkop,rkop,575.000,21-03-1995,Alm. Salg,3.484,6,Villa,165,1965,,Aktuel værdi
Elmevej 177080 Børkop,rkop,1.170.000,28-02-1995,Alm. Salg,5.625,4,Villa,208,1975,,Aktuel værdi
Peder Breths Vej 127080 Børkop,rkop,1.080.000,23-02-1995,Alm. Salg,4.821,9,Villa,224,1972,,Aktuel værdi
Stationsvej 237080 Børkop,rkop,350.000,23-02-1995,Alm. Salg,3.804,4,Villa,92,1935,,Aktuel værdi
Fædrift 157080 Børkop,rkop,700.000,20-02-1995,Alm. Salg,-,4,Villa,168,1877,,Aktuel værdi
Skovgårdsparken 517080 Børkop,rkop,575.000,20-02-1995,Alm. Salg,5.476,4,Villa,105,1980,,Aktuel værdi
Dagmarsvej 177080 Børkop,rkop,145.000,07-02-1995,Alm. Salg,1.058,5,Villa,137,1995,,Aktuel værdi
Hvidbjergvej 37080 Børkop,rkop,510.000,02-02-1995,Alm. Salg,5.100,3,Villa,100,1955,,Aktuel værdi
Hagenvej 1127080 Børkop,rkop,450.500,27-01-1995,Alm. Salg,-,4,Villa,209,1923,,Aktuel værdi
Toftumvej 107080 Børkop,rkop,355.000,27-01-1995,Alm. Salg,2.431,4,Villa,146,1896,,Aktuel værdi
Thorsmindevej 67080 Børkop,rkop,887.500,25-01-1995,Alm. Salg,4.437,7,Stuehus,200,2014,,
Hagenvej 1317080 Børkop,rkop,567.000,12-01-1995,Alm. Salg,5.108,4,Sommerhus,111,1980,,Aktuel værdi
Saltbækvej 1087080 Børkop,rkop,265.000,28-12-1994,Alm. Salg,1.656,5,Sommerhus,160,1842,,Aktuel værdi
Lyngbakkevej 8A7080 Børkop,rkop,140.000,20-12-1994,Fam. Salg,1.818,4,Sommerhus,77,1997,,Aktuel værdi
Overbyvej 77080 Børkop,rkop,150.000,16-12-1994,Alm. Salg,1.515,3,Villa,99,1932,,Aktuel værdi
"Brejning Søndergade 10, 17080 Børkop",rkop,270.000,07-12-1994,Andet,3.802,3,Anden beboelse,71,1935,,Aktuel værdi
Sellerup Strandvej 27080 Børkop,rkop,400.000,03-12-1994,Alm. Salg,3.389,3,Sommerhus,118,2011,,Aktuel værdi
Johannevej 18A7080 Børkop,rkop,425.000,28-11-1994,Alm. Salg,5.448,4,Sommerhus,78,1983,,Aktuel værdi
Borggårdsparken 12A7080 Børkop,rkop,508.500,09-11-1994,Alm. Salg,7.369,2,Rækkehus,69,1989,,Aktuel værdi
Skovbyvej 767080 Børkop,rkop,100.000,07-11-1994,Alm. Salg,531,6,Villa,188,1920,,Aktuel værdi
Elbækvej 177080 Børkop,rkop,495.000,03-11-1994,Alm. Salg,3.694,4,Villa,134,1962,,Aktuel værdi
Oskar Hansens Vænge 87080 Børkop,rkop,504.000,27-10-1994,Alm. Salg,3.600,3,Villa,140,1997,,Aktuel værdi
Borgvold 247080 Børkop,rkop,565.000,26-10-1994,Alm. Salg,3.817,5,Villa,148,1976,,Aktuel værdi
Fjordparken 237080 Børkop,rkop,440.000,17-10-1994,Alm. Salg,5.365,3,Sommerhus,82,1974,,Aktuel værdi
Bjerrisgårdsvej 137080 Børkop,rkop,250.000,11-10-1994,Alm. Salg,-,3,Sommerhus,49,1962,,Aktuel værdi
Dagmarsvej 107080 Børkop,rkop,110.625,01-10-1994,Alm. Salg,579,8,Villa,191,1995,,Aktuel værdi
Rosenvej 1D7080 Børkop,rkop,510.000,30-09-1994,Alm. Salg,7.611,2,Rækkehus,67,1990,,Aktuel værdi
Lyngbakkevej 117080 Børkop,rkop,213.639,28-09-1994,Alm. Salg,2.115,4,Villa,101,1947,,Aktuel værdi
Vandmøllevej 37080 Børkop,rkop,575.000,22-09-1994,Alm. Salg,-,7,Villa,192,1877,,Aktuel værdi
Marius Hansensvej 67080 Børkop,rkop,229.500,20-09-1994,Fam. Salg,-,3,Sommerhus,65,1966,,Aktuel værdi
Høllvej 1257080 Børkop,rkop,370.000,02-09-1994,Alm. Salg,3.523,3,Villa,105,1964,,Aktuel værdi
Kirstinesvej 17080 Børkop,rkop,100.000,02-09-1994,Alm. Salg,1.315,4,Sommerhus,76,1997,,Aktuel værdi
Nørrelyst 57080 Børkop,rkop,625.000,27-08-1994,Alm. Salg,5.040,4,Villa,124,1970,,Aktuel værdi
Damsbo 77080 Børkop,rkop,785.000,19-08-1994,Alm. Salg,5.064,6,Villa,155,1978,,Aktuel værdi
Brejning Vestergade 37080 Børkop,rkop,290.000,17-08-1994,Alm. Salg,4.461,2,Villa,65,1952,,Aktuel værdi
V. Borgenvej 117080 Børkop,rkop,85.000,12-08-1994,Fam. Salg,1.231,4,Sommerhus,69,1995,,Aktuel værdi
Lykkevej 17080 Børkop,rkop,498.000,23-07-1994,Alm. Salg,5.413,4,Sommerhus,92,2007,,Aktuel værdi
Fuglebakken 87080 Børkop,rkop,310.000,16-07-1994,Alm. Salg,-,3,Sommerhus,61,1967,,Aktuel værdi
Niels Pedersensvej 167080 Børkop,rkop,615.000,15-07-1994,Alm. Salg,7.321,4,Sommerhus,84,1967,,Aktuel værdi
Elbækvej 427080 Børkop,rkop,475.000,05-07-1994,Alm. Salg,4.523,4,Villa,105,1961,,Aktuel værdi
Blomsterengen 57080 Børkop,rkop,160.000,01-07-1994,Alm. Salg,2.352,3,Sommerhus,68,2007,,Aktuel værdi
Mølletoften 377080 Børkop,rkop,115.000,29-06-1994,Alm. Salg,950,4,Villa,121,1994,,Aktuel værdi
Munkedalen 47080 Børkop,rkop,619.000,27-06-1994,Alm. Salg,3.223,6,Villa,192,1970,,Aktuel værdi
Kristianshøjvej 1027080 Børkop,rkop,715.000,24-06-1994,Alm. Salg,5.813,5,Villa,123,1944,,Aktuel værdi
Skovbrynet 87080 Børkop,rkop,435.000,23-06-1994,Alm. Salg,4.627,4,Villa,94,1965,,Aktuel værdi
Svinget 97080 Børkop,rkop,625.000,22-06-1994,Alm. Salg,-,4,Sommerhus,75,1961,,Aktuel værdi
Solbakken 117080 Børkop,rkop,558.000,18-06-1994,Alm. Salg,-,6,Sommerhus,153,1975,,Aktuel værdi
Skovbrynet 47080 Børkop,rkop,390.000,16-06-1994,Alm. Salg,2.378,7,Villa,164,1963,,Aktuel værdi
Kirstinesvej 237080 Børkop,rkop,420.000,16-06-1994,Alm. Salg,7.000,3,Sommerhus,60,1977,,Aktuel værdi
Nebbe Møllevej 1037080 Børkop,rkop,239.864,15-06-1994,Alm. Salg,1.725,7,Villa,139,1930,,Aktuel værdi
Bjerrisgårdsvej 107080 Børkop,rkop,270.000,13-06-1994,Alm. Salg,8.709,3,Sommerhus,31,1963,,Aktuel værdi
Kragholmvej 37080 Børkop,rkop,346.000,13-06-1994,Alm. Salg,3.008,4,Villa,115,1800,,Aktuel værdi
Plantagevej 37080 Børkop,rkop,330.000,06-06-1994,Alm. Salg,3.510,4,Sommerhus,94,2007,,Aktuel værdi
Lærkevej 387080 Børkop,rkop,276.092,02-06-1994,Andet,1.624,7,Villa,170,1973,,Aktuel værdi
Plutovej 27080 Børkop,rkop,600.000,01-06-1994,Alm. Salg,4.477,4,Villa,134,1973,,Aktuel værdi
Dagmarsvej 267080 Børkop,rkop,137.777,01-06-1994,Alm. Salg,906,5,Villa,152,1995,,Aktuel værdi
Krogen 37080 Børkop,rkop,545.000,30-05-1994,Alm. Salg,4.467,3,Villa,122,1956,,Aktuel værdi
Munkevænget 157080 Børkop,rkop,522.204,25-05-1994,Alm. Salg,3.703,5,Villa,141,1972,,Aktuel værdi
Stationsvej 137080 Børkop,rkop,402.000,25-05-1994,Alm. Salg,4.729,3,Villa,85,1938,,Aktuel værdi
Kirstinesvej 47080 Børkop,rkop,454.000,25-05-1994,Alm. Salg,-,4,Sommerhus,80,1978,,Aktuel værdi
Duevej 237080 Børkop,rkop,684.000,25-05-1994,Alm. Salg,-,5,Sommerhus,126,1984,,Aktuel værdi
Krogbuskevej 1447080 Børkop,rkop,2.275.000,24-05-1994,Alm. Salg,5.687,10,Villa,400,1930,,Aktuel værdi
Niels Pedersensvej 347080 Børkop,rkop,300.000,16-05-1994,Alm. Salg,5.000,3,Sommerhus,60,1947,,Aktuel værdi
Sellerup Strandvej 117080 Børkop,rkop,250.000,15-05-1994,Fam. Salg,5.208,4,Sommerhus,48,1948,,Aktuel værdi
Ladegårdsbakken 1057080 Børkop,rkop,570.050,10-05-1994,Alm. Salg,3.825,5,Villa,149,1959,,Aktuel værdi
Skovgårdsparken 407080 Børkop,rkop,875.000,10-05-1994,Alm. Salg,4.441,7,Villa,197,1980,,Aktuel værdi
Egevang 17080 Børkop,rkop,485.000,09-05-1994,Alm. Salg,3.619,4,Villa,134,1964,,Aktuel værdi
Sellerup Strandvej 127080 Børkop,rkop,154.000,03-05-1994,Alm. Salg,-,3,Sommerhus,85,1950,,Aktuel værdi
Dagmarsvej 327080 Børkop,rkop,115.652,01-05-1994,Alm. Salg,808,5,Villa,143,1998,,Aktuel værdi
Merkurvej 17080 Børkop,rkop,701.000,28-04-1994,Alm. Salg,4.673,5,Villa,150,1973,,Aktuel værdi
Vandværksvej 227080 Børkop,rkop,657.000,21-04-1994,Alm. Salg,-,3,Villa,173,1963,,Aktuel værdi
"Gårslev Østergade 2, 17080 Børkop",rkop,350.000,14-04-1994,Alm. Salg,-,4,Anden beboelse,119,1974,,Aktuel værdi
Stationsvej 487080 Børkop,rkop,395.000,12-04-1994,Alm. Salg,-,6,Villa,167,1937,,Aktuel værdi
Poppelvang 107080 Børkop,rkop,575.000,11-04-1994,Alm. Salg,5.088,3,Villa,113,1970,,Aktuel værdi
Lundbjergvej 1197080 Børkop,rkop,326.822,31-03-1994,Alm. Salg,8.600,2,Villa,38,1960,,Aktuel værdi
Lindevang 77080 Børkop,rkop,595.000,16-03-1994,Alm. Salg,5.312,4,Villa,112,1980,,Aktuel værdi
Gl Strandvej 57080 Børkop,rkop,165.750,14-03-1994,Fam. Salg,1.841,7,Villa,90,1937,,Aktuel værdi
Poppelvang 157080 Børkop,rkop,660.000,07-03-1994,Alm. Salg,4.285,5,Villa,154,1969,,Aktuel værdi
Kragelundvænget 267080 Børkop,rkop,197.728,07-03-1994,Andet,1.363,7,Villa,145,1939,,Aktuel værdi
Frits Nielsensvej 2B7080 Børkop,rkop,175.000,10-02-1994,Alm. Salg,2.333,4,Sommerhus,75,1994,,Aktuel værdi
Bjerrisgårdsvej 117080 Børkop,rkop,344.000,07-02-1994,Alm. Salg,6.880,3,Sommerhus,50,1962,,Aktuel værdi
Industrivej 187080 Børkop,rkop,760.000,07-02-1994,Alm. Salg,2.980,5,Villa,255,1970,,Aktuel værdi
Tyttebærvej 67080 Børkop,rkop,200.000,03-02-1994,Alm. Salg,2.739,3,Sommerhus,73,1994,,Aktuel værdi
Vibevej 77080 Børkop,rkop,1.050.000,03-02-1994,Alm. Salg,-,7,Villa,210,1973,,Aktuel værdi
Buen 2A7080 Børkop,rkop,665.000,25-01-1994,Alm. Salg,4.433,5,Villa,150,1972,,Aktuel værdi
Hvidbjergvej 17080 Børkop,rkop,361.000,19-01-1994,Alm. Salg,4.056,3,Villa,89,1954,,Aktuel værdi
Elbækvej 487080 Børkop,rkop,517.500,17-01-1994,Alm. Salg,5.880,3,Rækkehus,88,1987,,Aktuel værdi
Skovgårdsparken 657080 Børkop,rkop,805.000,14-01-1994,Alm. Salg,4.573,4,Villa,176,1978,,Aktuel værdi
Kirkebakken 97080 Børkop,rkop,727.050,13-01-1994,Alm. Salg,7.270,4,Villa,100,1960,,Aktuel værdi
Udsigten 17080 Børkop,rkop,190.000,10-01-1994,Alm. Salg,1.428,4,Sommerhus,133,1995,,Aktuel værdi
Birkevang 57080 Børkop,rkop,622.500,08-01-1994,Alm. Salg,-,6,Villa,164,1968,,Aktuel værdi
Høllvej 1117080 Børkop,rkop,397.000,28-12-1993,Fam. Salg,5.753,3,Stuehus,69,1827,,
Dagmarsvej 207080 Børkop,rkop,110.625,12-12-1993,Alm. Salg,646,5,Villa,171,1994,,Aktuel værdi
Stationsvej 13A7080 Børkop,rkop,760.000,06-12-1993,Alm. Salg,4.840,5,Villa,157,1973,,Aktuel værdi
Fuglekærvej 1247080 Børkop,rkop,506.637,06-12-1993,Fam. Salg,3.400,8,Stuehus,149,1914,,
Mads Madsens Vænge 137080 Børkop,rkop,425.000,02-12-1993,Alm. Salg,6.343,3,Sommerhus,67,1964,,Aktuel værdi
Skovgårdsparken 817080 Børkop,rkop,82.207,01-12-1993,Alm. Salg,551,6,Villa,149,1994,,Aktuel værdi
Sellerup Skovvej 1057080 Børkop,rkop,560.000,19-11-1993,Alm. Salg,-,7,Villa,242,1900,,Aktuel værdi
Stationsvej 147080 Børkop,rkop,420.000,11-11-1993,Alm. Salg,2.641,5,Villa,159,1908,,Aktuel værdi
Niels Pedersensvej 497080 Børkop,rkop,475.000,04-11-1993,Alm. Salg,-,1,Sommerhus,46,1986,,Aktuel værdi
Vestergade 21F7080 Børkop,rkop,600.000,03-11-1993,Alm. Salg,7.142,3,Rækkehus,84,1993,,Aktuel værdi
Haraldsvej 127080 Børkop,rkop,385.000,31-10-1993,Alm. Salg,-,5,Villa,159,1973,,Aktuel værdi
Stadsvej 27080 Børkop,rkop,338.000,30-10-1993,Alm. Salg,5.633,4,Sommerhus,60,1968,,Aktuel værdi
Hjortedalsvej 37080 Børkop,rkop,270.000,14-10-1993,Alm. Salg,4.821,3,Sommerhus,56,1956,,Aktuel værdi
Venusvej 67080 Børkop,rkop,998.354,06-10-1993,Alm. Salg,4.248,5,Villa,235,1974,,Aktuel værdi
Dagmarsvej 67080 Børkop,rkop,110.625,01-10-1993,Alm. Salg,601,5,Villa,184,1994,,Aktuel værdi
Munkedalen 317080 Børkop,rkop,520.000,01-10-1993,Alm. Salg,4.262,4,Villa,122,1972,,Aktuel værdi
Thyrasvej 77080 Børkop,rkop,545.000,24-09-1993,Alm. Salg,4.430,4,Villa,123,1972,,Aktuel værdi
Hagenvej 1217080 Børkop,rkop,503.644,18-09-1993,Alm. Salg,2.911,3,Sommerhus,173,2008,,Aktuel værdi
Gårslev Østergade 127080 Børkop,rkop,500.000,15-09-1993,Alm. Salg,3.846,4,Villa,130,1962,,Aktuel værdi
Bjørnsvej 127080 Børkop,rkop,150.000,14-09-1993,Alm. Salg,-,2,Sommerhus,53,1995,,Aktuel værdi
Hvidbjergvej 877080 Børkop,rkop,310.000,10-09-1993,Alm. Salg,3.647,3,Sommerhus,85,2010,,Aktuel værdi
Søndermarksvej 1027080 Børkop,rkop,965.000,03-09-1993,Alm. Salg,6.390,4,Stuehus,151,1920,,
Falkevej 147080 Børkop,rkop,790.000,29-08-1993,Alm. Salg,3.726,4,Villa,212,1973,,Aktuel værdi
Sønderskovvej 27080 Børkop,rkop,333.000,13-08-1993,Alm. Salg,3.000,5,Villa,111,1914,,Aktuel værdi
Borgergade 267080 Børkop,rkop,380.000,10-08-1993,Alm. Salg,2.451,6,Villa,155,1900,,Aktuel værdi
Mads Madsens Vænge 27080 Børkop,rkop,221.000,23-07-1993,Alm. Salg,-,5,Sommerhus,78,1964,,Aktuel værdi
Bystedparken 257080 Børkop,rkop,743.700,23-07-1993,Alm. Salg,7.828,4,Villa,95,1994,,
Dagmarsvej 227080 Børkop,rkop,110.625,01-07-1993,Alm. Salg,662,6,Villa,167,1993,,Aktuel værdi
Sønderskovvej 1067080 Børkop,rkop,1.037.000,30-06-1993,Fam. Salg,7.201,7,Stuehus,144,1910,,
Anemonevej 87080 Børkop,rkop,300.000,30-06-1993,Alm. Salg,4.615,2,Sommerhus,65,1996,,Aktuel værdi
Peder Breths Vej 117080 Børkop,rkop,666.000,27-06-1993,Alm. Salg,3.894,7,Villa,171,1973,,Aktuel værdi
Høllsmindevej 287080 Børkop,rkop,135.000,17-06-1993,Alm. Salg,1.687,3,Sommerhus,80,2008,,Aktuel værdi
Olesvej 27080 Børkop,rkop,350.000,16-06-1993,Alm. Salg,6.250,3,Sommerhus,56,1927,,Aktuel værdi
Trinesvej 57080 Børkop,rkop,255.000,15-06-1993,Alm. Salg,-,3,Sommerhus,70,1957,,Aktuel værdi
Oskar Hansens Vænge 57080 Børkop,rkop,540.469,15-06-1993,Alm. Salg,-,5,Villa,150,1977,,Aktuel værdi
Bystedvænget 27080 Børkop,rkop,675.000,15-06-1993,Alm. Salg,3.901,5,Villa,173,1973,,Aktuel værdi
Skovvej 6A7080 Børkop,rkop,415.000,07-06-1993,Alm. Salg,-,3,Villa,187,1964,,Aktuel værdi
Industrivej 137080 Børkop,rkop,523.000,28-05-1993,Alm. Salg,4.628,4,Villa,113,1969,,Aktuel værdi
Drosselvej 37080 Børkop,rkop,755.000,28-05-1993,Alm. Salg,3.463,7,Villa,218,1969,,Aktuel værdi
Amaliehaven 17080 Børkop,rkop,1.030.000,26-05-1993,Alm. Salg,3.188,8,Villa,323,1902,,Aktuel værdi
Randsalle 47080 Børkop,rkop,310.000,26-05-1993,Alm. Salg,4.366,3,Villa,71,1950,,Aktuel værdi
Vestermarksvej 57080 Børkop,rkop,530.000,19-05-1993,Alm. Salg,4.076,5,Villa,130,1973,,Aktuel værdi
Brejning Vestergade 17080 Børkop,rkop,355.577,19-05-1993,Alm. Salg,3.520,5,Villa,101,1952,,Aktuel værdi
Bjerrevænget 487080 Børkop,rkop,280.000,17-05-1993,Fam. Salg,2.393,3,Villa,117,1977,,Aktuel værdi
Becksvej 157080 Børkop,rkop,600.000,16-05-1993,Alm. Salg,10.909,3,Sommerhus,55,1952,,Aktuel værdi
Overgaden 77080 Børkop,rkop,641.000,14-05-1993,Alm. Salg,3.483,6,Villa,184,1939,,Aktuel værdi
Sct. Jørgens Parken 267080 Børkop,rkop,621.000,13-05-1993,Alm. Salg,5.175,4,Villa,120,1977,,Aktuel værdi
Fælledvej 47080 Børkop,rkop,430.000,10-05-1993,Alm. Salg,-,3,Sommerhus,74,1978,,Aktuel værdi
Hvidbjergvej 777080 Børkop,rkop,160.000,26-04-1993,Alm. Salg,1.818,4,Sommerhus,88,1918,,Aktuel værdi
Poppelvang 317080 Børkop,rkop,635.000,24-04-1993,Alm. Salg,-,4,Villa,162,1972,,Aktuel værdi
Amaliegade 277080 Børkop,rkop,268.000,22-04-1993,Alm. Salg,3.350,4,Villa,80,1900,,Aktuel værdi
Munkebo 137080 Børkop,rkop,510.000,21-04-1993,Alm. Salg,-,7,Villa,180,1972,,Aktuel værdi
Høllsmindevej 187080 Børkop,rkop,195.500,12-04-1993,Alm. Salg,2.875,3,Sommerhus,68,2010,,Aktuel værdi
Merkurvej 157080 Børkop,rkop,510.000,07-04-1993,Alm. Salg,4.553,4,Villa,112,1972,,Aktuel værdi
Klosterbakken 47080 Børkop,rkop,186.449,01-04-1993,Fam. Salg,1.593,4,Villa,117,1972,,Aktuel værdi
Vandværksvej 137080 Børkop,rkop,919.000,15-03-1993,Fam. Salg,4.595,6,Stuehus,200,1900,,
Andkær Bygade 47080 Børkop,rkop,245.000,02-03-1993,Alm. Salg,3.062,3,Villa,80,1929,,Aktuel værdi
Munkebakken 117080 Børkop,rkop,725.000,02-03-1993,Alm. Salg,4.166,6,Villa,174,1975,,Aktuel værdi
Høllvej 122A7080 Børkop,rkop,492.000,15-02-1993,Alm. Salg,3.514,6,Villa,140,1900,,Aktuel værdi
Mølletoften 157080 Børkop,rkop,450.000,12-02-1993,Alm. Salg,2.556,5,Villa,176,1973,,Aktuel værdi
Nymarksvej 57080 Børkop,rkop,325.000,04-02-1993,Alm. Salg,2.195,4,Villa,148,2009,,Aktuel værdi
"Jernbanegade 9B, 27080 Børkop",rkop,302.000,01-02-1993,Alm. Salg,2.876,4,Lejlighed,105,1966,,Aktuel værdi
Skovbyvej 597080 Børkop,rkop,543.000,25-01-1993,Alm. Salg,3.067,6,Stuehus,177,1800,,
Sellerupvej 397080 Børkop,rkop,430.000,21-12-1992,Alm. Salg,2.905,6,Villa,148,1938,,Aktuel værdi
Gl Strandvej 37080 Børkop,rkop,475.000,16-12-1992,Alm. Salg,5.459,4,Sommerhus,87,1935,,Aktuel værdi
Stationsvej 207080 Børkop,rkop,425.000,28-11-1992,Alm. Salg,-,4,Villa,168,1902,,Aktuel værdi
Vestergade 187080 Børkop,rkop,505.000,09-11-1992,Alm. Salg,4.316,5,Villa,117,1953,,Aktuel værdi
Ouskær 27080 Børkop,rkop,3.900.000,09-11-1992,Alm. Salg,20.855,6,Stuehus,187,1914,,
Sct. Jørgens Parken 207080 Børkop,rkop,645.000,02-11-1992,Alm. Salg,4.031,5,Villa,160,1977,,Aktuel værdi
Becksvej 67080 Børkop,rkop,339.000,29-10-1992,Alm. Salg,3.896,4,Sommerhus,87,2005,,Aktuel værdi
Haraldsvej 87080 Børkop,rkop,580.000,23-10-1992,Alm. Salg,4.461,4,Villa,130,1973,,Aktuel værdi
Munkebo 27080 Børkop,rkop,191.250,14-10-1992,Alm. Salg,1.427,3,Villa,134,1972,,Aktuel værdi
Hasseltoften 117080 Børkop,rkop,340.000,12-10-1992,Alm. Salg,-,5,Sommerhus,70,1977,,Aktuel værdi
Sellerupvej 207080 Børkop,rkop,225.000,05-10-1992,Alm. Salg,-,5,Villa,129,1919,,Aktuel værdi
Birkevang 167080 Børkop,rkop,350.000,05-10-1992,Alm. Salg,3.211,4,Villa,109,1964,,Aktuel værdi
Gormsvej 27080 Børkop,rkop,613.155,24-09-1992,Alm. Salg,3.832,5,Villa,160,1973,,Aktuel værdi
Hvidbjerghusvej 257080 Børkop,rkop,1.031.250,21-09-1992,Alm. Salg,5.156,6,Sommerhus,200,1927,,Aktuel værdi
Bjerrevænget 47080 Børkop,rkop,337.000,20-09-1992,Alm. Salg,2.831,4,Villa,119,1980,,Aktuel værdi
Skovbrynet 97080 Børkop,rkop,531.000,20-09-1992,Alm. Salg,4.741,4,Villa,112,1979,,Aktuel værdi
Overbyvej 147080 Børkop,rkop,195.369,18-09-1992,Alm. Salg,1.728,4,Villa,113,1979,,Aktuel værdi
Lyngbakkevej 27080 Børkop,rkop,175.000,07-09-1992,Alm. Salg,2.160,4,Sommerhus,81,1994,,Aktuel værdi
Kirstinesvej 77080 Børkop,rkop,189.607,02-09-1992,Fam. Salg,2.370,5,Sommerhus,80,1976,,Aktuel værdi
Venusvej 127080 Børkop,rkop,440.000,30-08-1992,Alm. Salg,-,6,Villa,130,1976,,Aktuel værdi
Borggårdsparken 11B7080 Børkop,rkop,390.000,26-08-1992,Alm. Salg,4.588,3,Rækkehus,85,1984,,Aktuel værdi
Skovbyvej 77080 Børkop,rkop,578.000,18-08-1992,Alm. Salg,2.919,7,Villa,198,1959,,Aktuel værdi
Egevang 57080 Børkop,rkop,440.000,17-08-1992,Alm. Salg,-,5,Villa,137,1964,,Aktuel værdi
Høllsmindevej 107080 Børkop,rkop,375.000,17-08-1992,Alm. Salg,-,4,Sommerhus,60,1933,,Aktuel værdi
Møllegade 57080 Børkop,rkop,520.000,05-08-1992,Alm. Salg,4.406,4,Villa,118,1900,,Aktuel værdi
Hjortedalsvej 187080 Børkop,rkop,100.000,03-08-1992,Alm. Salg,2.857,3,Sommerhus,35,1956,,Aktuel værdi
Ouskær 187080 Børkop,rkop,650.000,01-08-1992,Alm. Salg,4.113,5,Stuehus,158,1800,,
Niels Pedersensvej 227080 Børkop,rkop,345.000,23-07-1992,Alm. Salg,3.136,3,Sommerhus,110,2008,,Aktuel værdi
Munkehegnet 127080 Børkop,rkop,725.000,20-07-1992,Fam. Salg,3.680,7,Villa,197,1972,,Aktuel værdi
Borgergade 347080 Børkop,rkop,330.000,30-06-1992,Alm. Salg,2.012,6,Villa,164,1907,,Aktuel værdi
Dortheasvej 57080 Børkop,rkop,555.000,30-06-1992,Alm. Salg,3.964,5,Villa,140,1969,,Aktuel værdi
Munkevej 77080 Børkop,rkop,360.000,27-06-1992,Alm. Salg,2.834,4,Villa,127,1962,,Aktuel værdi
Trindhøjvej 997080 Børkop,rkop,2.129.607,25-06-1992,Alm. Salg,-,7,Stuehus,357,1927,,
Høgevej 147080 Børkop,rkop,780.000,25-06-1992,Alm. Salg,6.500,4,Villa,120,1973,,Aktuel værdi
Borgvold 347080 Børkop,rkop,550.000,23-06-1992,Alm. Salg,-,6,Villa,216,1976,,Aktuel værdi
Roarsvej 237080 Børkop,rkop,765.000,21-06-1992,Alm. Salg,4.693,5,Villa,163,1985,,Aktuel værdi
Amaliegade 377080 Børkop,rkop,510.000,04-06-1992,Alm. Salg,4.322,6,Villa,118,1939,,Aktuel værdi
Gauerslund Skovvej 1187080 Børkop,rkop,212.858,01-06-1992,Fam. Salg,980,7,Villa,217,1877,,Aktuel værdi
Høllvej 77080 Børkop,rkop,720.000,29-05-1992,Alm. Salg,-,6,Villa,229,1890,,Aktuel værdi
Mads Madsens Vænge 117080 Børkop,rkop,263.500,26-05-1992,Fam. Salg,3.174,4,Sommerhus,83,1966,,Aktuel værdi
Fjordparken 277080 Børkop,rkop,275.000,25-05-1992,Alm. Salg,3.353,5,Sommerhus,82,1991,,Aktuel værdi
Borgvold 37080 Børkop,rkop,532.000,11-05-1992,Fam. Salg,4.433,4,Villa,120,1976,,Aktuel værdi
Ryttergrøftsvejen 3207080 Børkop,rkop,4.250.000,01-05-1992,Alm. Salg,14.166,9,Stuehus,300,1881,,
Kirkebakken 117080 Børkop,rkop,380.000,30-04-1992,Fam. Salg,4.222,3,Villa,90,1962,,Aktuel værdi
Horstedvej 4547080 Børkop,rkop,900.000,17-04-1992,Alm. Salg,3.734,7,Stuehus,241,1900,,
Solitudevej 87080 Børkop,rkop,370.000,15-04-1992,Alm. Salg,3.700,3,Villa,100,1942,,Aktuel værdi
Fædrift 257080 Børkop,rkop,310.000,10-04-1992,Alm. Salg,4.769,4,Sommerhus,65,1977,,Aktuel værdi
Violvej 37080 Børkop,rkop,388.000,09-04-1992,Fam. Salg,4.674,5,Sommerhus,83,2011,,Aktuel værdi
Industrivej 1107080 Børkop,rkop,2.055.057,09-04-1992,Fam. Salg,12.017,6,Stuehus,171,1989,,
Kirkegade 77080 Børkop,rkop,507.000,05-04-1992,Fam. Salg,4.296,4,Villa,118,1973,,Aktuel værdi
Bystedvænget 97080 Børkop,rkop,280.000,02-04-1992,Fam. Salg,-,7,Villa,210,1972,,Aktuel værdi
Knudsvej 67080 Børkop,rkop,975.000,24-03-1992,Alm. Salg,5.539,4,Villa,176,1975,,Aktuel værdi
Bystedvænget 247080 Børkop,rkop,600.000,20-03-1992,Fam. Salg,3.614,6,Villa,166,1973,,Aktuel værdi
Bjerrevænget 167080 Børkop,rkop,685.000,19-03-1992,Alm. Salg,5.661,3,Villa,121,1977,,Aktuel værdi
Lærkevej 17080 Børkop,rkop,535.000,19-03-1992,Alm. Salg,2.743,5,Villa,195,1970,,Aktuel værdi
Overgaden 297080 Børkop,rkop,440.000,13-03-1992,Fam. Salg,5.238,3,Villa,84,1957,,Aktuel værdi
Hørgyden 387080 Børkop,rkop,450.000,10-03-1992,Alm. Salg,-,4,Villa,123,1964,,Aktuel værdi
Kragelundvænget 227080 Børkop,rkop,404.000,05-03-1992,Fam. Salg,3.060,5,Villa,132,1935,,Aktuel værdi
Lindevang 47080 Børkop,rkop,725.000,04-03-1992,Alm. Salg,4.677,5,Villa,155,1978,,Aktuel værdi
Østergårdsvej 17080 Børkop,rkop,440.000,03-03-1992,Alm. Salg,4.036,4,Villa,109,1964,,Aktuel værdi
Skovgårdsparken 207080 Børkop,rkop,482.500,23-02-1992,Alm. Salg,3.829,4,Villa,126,1980,,Aktuel værdi
Munkebakken 137080 Børkop,rkop,520.000,21-02-1992,Alm. Salg,4.333,4,Villa,120,1973,,Aktuel værdi
Horstedvej 4577080 Børkop,rkop,498.000,03-02-1992,Alm. Salg,2.782,6,Villa,179,1900,,Aktuel værdi
Skovvænget 57080 Børkop,rkop,438.000,03-02-1992,Auktion,3.244,5,Villa,135,1976,,Aktuel værdi
Pindvej 37080 Børkop,rkop,744.000,23-01-1992,Fam. Salg,3.957,5,Villa,188,1970,,Aktuel værdi
Mølletoften 567080 Børkop,rkop,525.000,18-01-1992,Fam. Salg,4.233,4,Villa,124,1974,,Aktuel værdi
"Ågade 1, 17080 Børkop",rkop,880.000,14-01-1992,Alm. Salg,-,4,Lejlighed,99,1942,,Aktuel værdi
Syrenvej 1E7080 Børkop,rkop,750.000,14-01-1992,Alm. Salg,6.302,4,Villa,119,1971,,Aktuel værdi
Overgaden 117080 Børkop,rkop,430.000,09-01-1992,Fam. Salg,2.986,6,Villa,144,1938,,Aktuel værdi
